40
-66977.55071 -18740.95018 307294.8843 477706.4717
534777.7914 -309032.1105 -960892.3508 -387109.5044
-653701.0843 -307284.9243 -762178.3135 -200441.1835
846041.0324 356810.9057 538275.7816 -975150.4161
209138.9436 997308.0096 773586.9543 738951.714
-556037.3934 -270628.0828 433780.578 -159264.6359
237708.1547 34918.94946 260711.102 -85460.77908
-752724.5087 358338.1868 -233468.795 391103.0972
170898.3989 305401.9036 -327497.743 934337.6766
384990.4532 418161.8432 274646.4632 58091.04323
578920.5116 -563146.636 -216414.8453 -414047.643
900859.8991 -715552.5745 773953.3525 -122513.7444
154075.7405 -633667.9606 322372.0567 -596626.0609
-556037.3934 -270628.0828 -631975.3857 226047.4226
578596.0489 125770.2913 363319.1456 633210.5165
154075.7405 -633667.9606 71671.77267 -748521.6423
170168.8638 -86223.7307 25852.77132 -175022.4329
856634.8491 683463.8249 836145.6916 -235222.6249
510975.7619 -462005.8603 279083.9243 -495547.6211
-874883.3499 -870106.5873 -468429.583 -864839.2253
-834600.0876 634401.4788 -210292.901 647029.1267
355687.7643 796401.0892 856634.8491 683463.8249
701204.4048 -446779.531 993069.2768 -959122.8423
-415819.198 -73717.23301 53762.39434 248779.3887
237708.1547 34918.94946 -95253.44029 -185555.8978
-874888.9173 462246.9429 -598120.0443 -284759.5285
-415819.198 -73717.23301 -575976.5734 -14289.17636
168105.7221 -449191.0132 34704.8874 -421965.135
384990.4532 418161.8432 102083.9179 793876.4021
55867.76555 -278829.5153 433780.578 -159264.6359
-810859.7079 -432191.3388 170909.6477 -888335.2708
-995280.8028 -281027.218 -874888.9173 462246.9429
-700662.5713 -714602.7844 -nan -nan
96227.51488 451309.7453 -162999.3473 945517.7839
-249392.0772 752236.1127 -146817.4043 681094.2617
136799.0802 93054.74842 -19306.66016 -4741.351782
-756042.8129 965613.541 -576567.9352 922237.2058
-813745.2051 175543.5661 -769997.6123 -348576.9685
55867.76555 -278829.5153 -769997.6123 -348576.9685
237708.1547 34918.94946 -55648.02656 -114350.1253
