20
-896034.3574 907364.5388 -376262.0303 875852.1055
722841.7906 805041.6428 -185828.9635 -10596.32164
510244.1142 994924.5168 -692270.1426 660843.1145
-797421.7848 416428.3308 -185828.9635 -10596.32164
897373.6467 827339.2617 -354409.8787 -538851.3114
322508.4022 -222571.0327 868420.7157 190047.6553
432780.2844 16810.90649 -227358.7637 -491023.8443
322508.4022 -222571.0327 538170.2657 -72176.137
-652562.4002 353332.7395 -896034.3574 907364.5388
-223840.5082 304281.1817 154489.7479 751732.0948
995498.8316 100145.7096 337192.6634 -640762.4025
-76359.39091 275851.3376 -307085.185 154059.3733
-692270.1426 660843.1145 -253204.3367 394530.046
524109.3242 736105.3763 -76359.39091 275851.3376
-934543.7538 -220727.3375 -909718.6303 -362766.0039
-36245.52127 -590884.085 41735.80864 -950764.7017
-797421.7848 416428.3308 -943041.162 756253.0452
177681.2019 -884473.6092 407488.4087 -884752.9696
-494165.5292 665466.3556 621889.3656 895140.7005
595880.0718 -742680.0572 106460.8135 -862271.5088
