100
-613120.4006 -10483.2889 922017.6702 -61115.9593
-98643.1321 -424412.3396 -449878.9452 -161159.3827
-808995.8533 750028.2316 59231.6846 681323.1542
977999.7122 -788878.0395 -742927.3396 -301231.7107
-671183.0712 199356.7356 744283.8832 549598.1865
-627355.2167 620762.6984 -84284.5065 363765.6194
894295.8614 68152.1460 5670.9536 58053.4788
-678582.9042 739834.1733 297008.7801 860151.2062
960687.2555 -782763.1470 252499.1640 -122874.9383
689079.7554 -812829.8595 -573305.1616 -731274.4241
90933.8093 295032.9939 -32245.6110 85634.2544
-515110.4984 66055.1939 -421079.6729 26302.0304
-822104.2613 708453.0455 110530.5849 641765.4099
122404.1938 711854.2926 982633.5676 852508.6037
847185.4597 -808686.5421 -829015.8512 -510225.7806
661931.5319 930563.1595 170965.2048 959766.7109
-535230.1371 415467.6012 -362850.0014 320298.9085
79814.7689 168044.5315 840030.1434 242539.3284
-266377.1756 554604.3184 929139.6055 571369.5275
652530.9523 -117685.5194 509511.7940 -204363.0699
419574.3068 -818195.3699 96586.6602 -851077.9289
-65494.5232 -39637.6080 259098.0917 -368764.4403
480592.2883 419982.2882 247116.9203 412202.9897
515096.6861 903297.0575 -946418.1432 958831.1205
-424205.8008 146022.7081 -207096.0285 205673.2171
296833.7621 -793078.3089 -614777.6512 -904402.6430
-961485.8244 904038.1575 -942172.1712 -468164.0587
409204.2053 -927350.4582 689079.7554 -812829.8595
-449878.9452 -161159.3827 148307.1531 -337175.4823
627207.9407 -458698.5369 898385.7301 -444277.2886
703002.6080 768617.0460 807427.6816 698711.9877
26138.9316 -305938.7948 521572.2876 -475597.1109
-913468.1107 -810130.3107 -862374.9752 -297564.0638
-963246.0278 -939905.6428 754804.4020 -953510.7746
-729544.2685 419565.5858 -872528.2568 118557.4632
-682341.1734 -282945.2592 -779168.9417 -171845.0836
-103266.7711 -469430.0765 977999.7122 -788878.0395
-946418.1432 958831.1205 -834524.5832 921080.8355
-103398.8347 -110453.9818 -599378.0229 -78990.9282
-991580.7823 -590382.0802 -997223.2100 -431670.1702
-607094.8175 -658254.5828 -786293.9349 -841395.8648
-839053.4950 138715.1284 -971875.5713 -837038.1243
-515110.4984 66055.1939 -388393.6927 152376.3131
-136441.8858 123461.2794 -515110.4984 66055.1939
984810.6600 261345.0821 186429.8452 240818.3706
-503134.2180 -645070.6672 410192.1787 -767230.3023
-32245.6110 85634.2544 465636.1801 103361.3683
766259.0157 863710.6485 542004.5658 823685.0425
984810.6600 261345.0821 938443.2623 623383.8712
-852685.4629 344489.4077 -844325.4714 561684.2274
776849.4155 -140292.9696 789808.8629 -293021.4508
909633.0515 244424.1393 225324.9923 227926.7757
524995.5624 -680000.9161 -344040.3405 -471433.9650
5670.9536 58053.4788 850200.3196 55495.0608
-16579.5853 -861684.2447 259401.6229 -943697.5108
936275.1173 969385.7112 214896.7161 768621.3707
-503852.3572 603319.1216 -627355.2167 620762.6984
-713708.4178 170478.4245 -463755.5825 124180.1969
-803445.0269 660136.9994 -884242.3371 578857.2998
740857.5468 -324940.8701 415059.0296 -172267.6049
892277.4384 159559.0155 79814.7689 168044.5315
82289.1926 -578422.1157 -348861.1017 -572372.1179
-228077.1467 -358156.1304 -266148.7805 -316288.6671
771267.6315 -102128.2291 671682.1812 -214923.5480
-830657.0871 -551422.7344 -822493.5291 -221062.9015
-884256.1878 447859.4797 -852685.4629 344489.4077
788958.2303 -776888.9854 82289.1926 -578422.1157
381825.9930 -933004.3810 419574.3068 -818195.3699
-746755.8857 -56855.7670 -205045.3264 -38024.2112
22747.1590 -401004.9065 -275635.7601 -291531.7467
-793851.0260 -584114.0930 -484570.4499 -593658.8102
825675.2839 -890966.7907 734444.8726 -856098.2016
-746755.8857 -56855.7670 101772.8299 -302647.1348
789808.8629 -293021.4508 776849.4155 -140292.9696
247877.1942 588274.2644 479683.7297 630651.5240
-521205.2772 -106286.0936 -746755.8857 -56855.7670
673755.7241 -339941.4787 469368.1823 -302170.0814
5670.9536 58053.4788 548962.3253 73670.8187
847185.4597 -808686.5421 -210340.1560 -637572.2793
197251.4425 -56775.2272 371480.0381 -82539.8290
889401.6428 -211579.4523 998634.8697 -468248.8809
-16579.5853 -861684.2447 96586.6602 -851077.9289
22839.6033 286687.3315 -341600.6273 262862.8724
587637.8982 543993.2279 -320316.7730 477744.1762
-644633.4722 440687.8332 -844325.4714 561684.2274
915369.2778 -707478.9401 798497.6438 -470818.3249
-821470.9590 84863.8614 -750075.9971 -199263.8410
861124.8687 40014.2346 -125055.7646 20495.6651
664200.3077 703884.1990 122404.1938 711854.2926
901414.4329 440843.3890 90933.8093 295032.9939
-567146.2798 -366380.1413 -655814.7441 -527553.8101
311712.3646 271956.8051 163638.6726 253909.6503
21573.5582 635475.7305 247877.1942 588274.2644
-746319.8660 -614207.0235 417940.8070 -774493.2740
-501462.7524 268641.2558 -556678.5439 482778.3242
-971110.7688 921764.1255 -104121.9030 862727.0046
9311.6070 815458.2153 12970.3756 699886.4346
-848882.8887 57717.8667 -726623.4105 -483627.1096
-380165.9885 32357.6574 -49008.1488 99068.7689
247334.0964 311875.2589 603702.5461 331758.2211
