2000
21404.1440 -994489.1687 701523.2063 -711045.0869
-917501.4230 -164145.6869 -497643.8100 222537.6129
833344.4419 -73040.3177 484074.0310 -761521.8978
-166106.5090 -73219.4900 -380056.1856 -122627.7903
-88061.0775 -533693.1183 479668.7834 400947.3439
-746141.2604 -581474.7799 -686885.8320 -509506.3264
83147.5972 767451.7145 221981.8290 949770.9994
914995.7236 14970.0645 265817.9789 -353919.4967
-74079.0179 128599.5357 -678708.1592 -119409.8788
-786702.5799 823175.4996 959270.2118 380406.3916
461036.5490 -639722.3442 -522975.5731 -500048.6553
-440359.5667 511653.4272 -991443.4647 905438.8348
-794907.6623 556280.2025 -295285.9938 337659.3921
324364.0162 292704.3278 -174444.3124 -280555.0463
827320.9722 9048.2618 949856.5291 364821.0797
-774658.9789 -177107.9210 -375707.1485 -702268.7857
-784354.9903 -759850.5958 -4772.8999 -713818.5299
989959.1158 440108.9438 646005.7321 750568.8848
878145.8013 754097.4164 979516.3253 814327.1105
666987.0918 -111701.8886 766844.7318 279298.1509
43141.4154 689434.3265 494197.8376 720143.1901
-963315.6519 -744138.0310 -746606.2981 -701553.7446
-426301.3308 156035.5745 -460989.2860 148300.5833
963411.2964 527847.8267 948763.2380 650081.7395
182691.5394 -115288.4375 581723.8323 -28385.4369
-612950.4675 972990.1494 763152.6373 938680.8994
967590.3679 60400.8220 621446.4965 -545677.1352
-762612.5545 571683.0636 -821554.6521 763279.8693
-611116.0132 -427824.6956 -630584.0922 -748114.9748
-906345.6097 -129546.6664 -711580.6085 424731.9501
-231723.5875 629321.0324 -106180.8645 374011.1817
131571.4755 -367777.2606 293091.6357 -543516.3448
772998.2503 767318.8434 879824.7223 553286.9563
-729461.4611 735455.8946 -209488.9521 357022.6784
-994820.8783 737673.4781 -970616.9245 -795965.6561
-602087.0651 590440.3902 -753196.0962 717550.6708
-239997.0230 -845343.3971 -471851.7754 -815514.5595
-707826.3276 930616.9642 601207.5265 496761.5189
730922.4719 -755793.6190 958354.1619 -632005.3203
535160.9850 -380852.9198 321717.4039 -398600.7874
194298.9090 327314.0744 282191.3020 260366.0023
354257.9565 314071.7512 164618.4924 453432.2369
225849.9471 -798495.8890 -561724.3241 -911424.6854
-783007.9253 239498.0456 -980104.6888 450681.1799
27514.1950 479791.7365 253382.4520 557867.7839
-141517.3787 300820.0237 153359.1069 264503.5307
-228206.6337 -130921.5802 -271908.4205 -511354.9015
50141.1695 688988.3306 475014.1125 550610.2857
756070.4917 130430.1543 827062.4535 247146.3550
-16570.9601 -326578.0960 18109.3622 -317506.8221
972937.5654 -409427.4448 927415.3601 -586899.9093
767810.3300 -621224.5415 724328.9403 -672338.8124
642293.9235 127052.1374 545279.7890 114750.4537
-938140.5648 477592.2376 -804546.3882 524002.7841
-67023.7360 340935.6086 159981.5006 365710.2250
-764864.3653 233915.0565 -320328.2032 267078.1574
932442.6332 256855.4176 968374.7059 346129.7754
-965042.0016 -855969.1126 -554016.6063 -812410.2612
474305.8077 762803.3362 607434.2476 828260.8334
-164043.1114 424606.9406 -135290.0302 321470.7803
5890.4731 859367.4041 18120.7844 935842.3797
593561.1261 -531581.2224 571581.4825 -303462.0431
488767.7210 -909490.4546 766898.0488 -728884.0067
-40840.6222 215348.1085 -560295.1749 39953.5407
832646.8880 -228260.7457 860429.7563 -289162.6591
253472.9134 871906.4140 179611.3024 750522.6038
-391007.5530 901513.2973 -94183.5425 836732.3966
-84935.9750 -74752.8697 -385572.0523 -177902.5908
-144986.4647 -905384.3067 93427.1177 -930152.9692
788201.5076 -78006.9476 248164.9196 -441771.7415
-862272.6413 -221224.7745 -507872.8611 159309.4219
-112645.9801 -22064.5554 83038.6104 269563.6544
-902109.4656 -676632.6195 -895639.7292 -521823.8858
-49441.0635 -607683.7506 -8119.4919 -593923.7054
371628.1692 626574.9828 370469.3461 624130.5677
-149853.0191 -562720.6508 225849.9471 -798495.8890
355062.9994 -176161.1601 184528.9701 -368074.8250
-743057.8337 -856781.4226 -979692.5773 -980089.9112
935282.7392 237563.4939 904910.5829 129314.9689
-247661.1840 574105.7815 -199253.9864 455153.9708
308794.1798 81502.0972 726848.1613 402723.5954
345327.4039 53985.5650 699011.5785 372341.6199
896115.3167 -247317.7968 716460.9521 -544842.1502
-4960.2620 -548827.8659 40250.7589 -351502.0163
92304.0211 -386723.1981 82272.4946 -550202.4611
712007.0421 98504.3118 283043.7549 38896.3113
-648836.2005 924814.7561 -568830.5591 950863.2186
-679817.1737 589900.6996 -721980.4659 581307.2324
-118633.6187 -762530.6857 -574657.1557 -758296.4983
-260229.5627 545050.8969 -143608.1713 348941.0386
317348.9074 -721889.1067 283321.2662 -711231.4760
973852.0086 -820479.9563 948612.3620 -690495.4524
-147658.6933 -806480.1128 -298989.9340 -800252.7396
110159.0213 709158.7186 489672.8086 743584.8692
-768521.7446 -395681.7845 -715968.1076 -272408.5507
598927.3265 -249055.2018 684259.2276 -284335.1973
-177168.2881 -433082.4558 479668.7834 400947.3439
757415.0538 -58136.9594 855691.0599 310575.4841
387480.8642 993850.4613 -360539.6834 974443.4935
967816.1658 -467585.3876 991722.5724 -882648.5949
-368682.4608 -953421.2713 -396994.4903 -922792.4620
372638.1671 711802.8012 704203.1119 596216.4091
-551476.5091 255181.5237 -589825.2040 290063.7896
98227.6245 107348.6919 -253622.8949 -354688.8248
-786166.3373 460933.2190 25102.7486 219538.5956
184533.9418 -888325.7992 432017.6813 -713526.0054
818139.7850 -568253.6878 980037.2862 -34291.5454
762273.3630 865291.7581 917018.8168 891027.0008
-779322.8267 -158860.7066 -811378.3440 -452319.9027
-756243.2413 647040.1169 -579280.4549 542392.2694
653599.1027 -854338.6111 996076.0359 -899377.1311
989959.1158 440108.9438 986764.4646 -723557.0544
-821097.6737 -463430.5773 -665630.7957 -500966.9527
-417885.7010 -480346.7632 -309408.9877 -379937.0711
-709415.7121 -835053.8671 -986175.6768 -899775.9561
999486.6096 434365.2077 964304.2394 716578.0098
902750.7202 -694777.7742 779306.2766 -852443.7688
-958324.7929 -34347.4781 -879171.0618 -615349.6742
726649.1625 443012.3090 697669.1643 549789.3731
564536.7612 503413.0608 -609560.6308 832561.8440
9682.4018 -693676.3444 134576.3600 -761364.6872
30833.2340 -568947.3491 48078.7212 -483853.0188
683692.0246 740819.0013 759176.7864 758378.5445
-361314.7119 -525057.7572 -223334.7614 -583830.1926
223127.1974 193455.6028 169746.4410 189477.4441
190728.2174 540000.8703 -393038.7959 685197.2505
292140.0291 -972483.3380 609567.8233 -960766.5890
770584.1264 930777.7588 711738.6825 819874.9616
-245158.6268 656110.0006 -734458.4477 767494.4569
967708.3639 -896938.2939 913090.2100 -933409.4471
-415447.9132 451698.1567 -761688.4534 675465.7664
-691847.3613 -411659.8791 -740700.3138 -476639.4380
-95999.7918 -691663.4333 -30687.7812 -705770.5346
-14466.0100 -195936.8527 182558.4710 59863.5941
679252.5930 -715081.2930 657251.4933 -593079.0119
161087.1427 -169775.3385 504555.5952 -177495.0475
276307.7180 -472825.0345 574436.1016 -559363.1784
-59273.6472 -36458.7523 -282207.8705 -83165.3703
59572.1559 558742.2519 116084.8768 557877.8243
580855.3794 -948964.4008 410190.2009 -940138.0584
-228478.8238 317298.4199 -517816.0482 513340.3090
-387226.6959 -272487.2776 -418348.0155 -122130.4021
476784.2105 -768930.6979 219621.1506 -883113.3399
-81773.3054 994250.1082 -231880.9243 990487.9513
-648119.2938 -318194.0486 -515156.1464 -299999.7813
-315843.7247 -339755.0901 -472044.1599 -264391.3467
-144986.4647 -905384.3067 167978.3302 -861798.1646
821843.0550 -278941.6472 683579.5139 -516773.1723
405983.1158 -683956.8464 510231.6716 -619830.3913
159523.8828 65759.1991 285605.2876 198252.3853
78866.6208 -453815.1987 70148.1806 -552413.3050
91151.5115 671756.0760 -370636.5126 824551.7600
-160500.5214 -56488.3478 108837.9521 114843.0068
-372497.6731 -907919.0417 -93981.7273 -846304.5835
414603.8762 -766584.1218 553024.4756 -609151.8912
440269.1639 938324.6434 685115.0350 777466.1453
-482992.5155 -124197.1017 -683350.3450 -251076.6477
-87277.8306 -362774.8302 -33277.3096 -282753.6499
166975.1598 -859017.6736 -295390.7878 -894019.2675
171242.4441 -729447.1158 372226.2728 -671794.6091
-419855.5738 840058.8145 -157329.3320 748317.1655
685477.3006 170393.7302 510280.7063 171939.3351
594411.0850 -415392.9117 613972.6246 -349228.1790
-482609.4574 943614.2421 175983.1369 936344.5421
453948.0273 -483535.1116 572652.2960 -419933.3947
-552285.1265 -798835.4566 -119676.7814 -784983.0114
-617086.8747 816588.8168 -957483.9448 906939.6386
232755.4500 -527933.6946 410074.3648 -605504.4485
-669341.5810 -739893.3046 -849096.9842 -485415.2059
785212.0666 -476013.6532 724328.9403 -672338.8124
-346201.4657 124214.1039 -365242.9522 203357.8128
643949.4459 594834.0054 703873.3217 545905.5671
-103890.7728 -707532.6509 -465624.3685 -564576.2108
-3500.5153 -655356.3208 193735.8417 -799760.0249
49603.4366 572424.5551 -120711.5978 577118.1974
-60679.6867 225188.1494 -158466.2958 245674.1297
590324.7262 350997.4475 521754.4090 321967.6709
981822.9631 -889741.4230 979583.3930 -739130.6944
-762831.7858 974020.7685 -663750.2264 829166.8873
-491572.8123 -782205.8349 -997368.1219 -835916.5624
-865309.1814 -148687.6531 -881427.5625 -439242.8377
190917.0929 439216.4612 307982.7390 495170.2218
335607.1059 675695.5196 227211.1111 633750.7223
-829354.7565 310032.6181 -921985.6207 474286.6727
-864091.0760 -285436.4196 -879221.5420 -522036.6393
202485.2419 46113.5839 315424.6492 176304.9457
495726.0868 860854.2271 454690.3596 762251.0898
-114583.4022 355866.2543 -62661.8996 377231.3238
-410295.7542 -369652.9479 -570654.6840 -254239.1446
424598.5217 -56080.6170 314594.6024 16518.4502
651285.9191 -817945.5258 818544.7392 -875241.7074
-952747.6909 -394921.0028 -941591.5222 -608072.5947
346846.5617 -470309.7389 350474.8700 -446068.3752
283368.1051 357492.2742 -154136.1426 514302.8060
-716908.5862 235257.2872 -796305.9568 20202.2296
254317.0076 192925.1342 -77672.6568 -186067.9205
-498979.3653 -28730.3442 -499376.3413 29545.1208
-638994.1395 570911.7790 -726160.8195 547884.1090
193999.0204 519334.8795 684564.5643 420301.6861
-494647.3417 432568.6315 -948274.6307 625224.3880
-994434.1108 766514.3192 -958985.8692 562506.9316
10274.1173 -931403.2441 -98836.6273 -972955.7944
-416146.7700 -125532.6777 -389524.1597 -157178.6388
510280.7063 171939.3351 603131.1072 227483.8984
930159.7663 -751296.4262 927906.1641 -775349.0580
-186011.1329 -534118.0170 152866.0990 -591182.5384
752109.1057 516985.5598 850959.4031 437417.6231
-304757.9272 -705760.2987 -232382.0268 -715276.0800
-906655.3388 568568.8289 -938140.5648 477592.2376
-906345.6097 -129546.6664 -968459.2890 209210.3170
-290836.6466 -253959.1045 -334236.7151 -238066.8850
384017.4607 -508322.9047 488806.6260 -620179.2235
666516.1184 814484.4682 964304.2394 716578.0098
630521.2974 -5807.5075 578025.6433 -171747.8740
-363380.5060 -372052.7692 -438163.5001 -396533.8391
-542891.6607 -946633.2643 -559864.3737 -969744.2287
-191149.1254 405905.2643 -608406.5552 669542.9269
-370646.3865 102725.6759 -164968.2508 124981.1353
-494490.6298 789861.9876 -617086.8747 816588.8168
-917005.8488 -508556.7045 -914890.6935 -521785.8041
-620945.7192 -960537.5026 -479764.5367 -838530.6724
-323018.8859 -369871.0720 -256539.6311 -367900.5489
-816971.1398 826947.6237 -924514.8688 888767.9199
865800.0590 -525044.8568 985245.8032 -322475.5189
-308631.1451 599785.9162 -274380.7102 540604.5555
-418145.6955 -7037.7105 -389341.8806 52173.2528
-80206.6388 95888.8071 -469290.2163 -109941.5091
22596.2847 787473.0832 -319538.7074 813709.9587
-178587.8201 -235854.2890 -187692.6591 -178901.4502
565561.8883 995523.2719 326714.7670 949654.3810
419702.9222 -574078.5035 270653.1307 -481553.8977
-859953.4694 -772928.6135 -394579.0250 -781501.6167
-146782.0387 472314.9906 32288.6545 402442.6269
486592.5217 -317260.1527 762032.2248 -101254.6075
891690.7736 929847.4109 661186.3507 952193.8368
392955.0665 -919240.8574 478175.5259 -905956.0211
-297932.4086 -934418.5814 -229225.5486 -965765.4671
514339.0489 417314.3390 353169.3452 121713.6915
-980642.6966 564127.0342 -982502.2626 560279.5229
580285.4869 44758.3670 259126.5982 28452.4048
-920058.6132 -167950.3937 -981591.0759 206422.9222
-743292.4068 -167749.1724 -478096.5715 -69642.9972
983539.5240 -46444.8617 982958.0423 -123921.3939
-50273.8229 -752022.6794 -622209.9267 -750925.7254
619029.3774 676365.1532 502140.5907 753014.8054
30435.2788 -811333.4201 -192132.8306 -762707.6234
-177626.5015 -351305.1674 423962.6210 340299.4318
-842543.6885 850740.2915 -348262.7384 748237.2962
133030.3986 207342.7059 95736.8807 213342.4073
-965042.0016 -855969.1126 -946339.2249 -844104.4993
-147023.5674 255547.5542 -349585.8096 261617.0278
123838.2441 -312334.6506 249787.8558 -259773.0545
-965213.3423 -647684.3371 -971848.3172 -339258.6254
427644.1419 376263.5694 206507.6570 122180.9724
-910559.7977 -668245.7413 -904103.4894 -462590.1296
-645904.3839 -413220.6990 -651407.4563 -586241.7737
-231723.5875 629321.0324 -424655.2997 672116.7753
245234.1779 -652220.1750 134814.1011 -653911.4383
-966635.1743 102027.5755 -903124.3748 -329170.6494
812772.4682 -659866.7708 853250.5079 -469658.6772
-988168.6251 -740085.4880 -994128.2974 -238977.3043
236549.0933 -88930.7966 186228.1034 -113370.6821
-707469.5583 76462.0520 -616554.0069 185764.3028
917070.1084 105892.6408 980179.0244 147501.2624
-483927.6105 -311581.6684 -498754.3384 -186179.2190
474503.1799 630055.9458 474632.8812 586457.9525
722546.1806 -948725.8340 549322.6856 -876773.5821
228977.4103 -940874.9528 532571.9956 -795802.9177
-926640.7248 -301048.2724 -916723.2085 -731083.7385
-486555.9049 830283.8207 -667098.8906 849917.2936
-183190.4076 -140800.2260 -203943.2931 -282005.4424
-463323.2555 149906.7465 -484149.3641 144485.0384
-385511.5972 -360389.5651 -537178.8093 -460982.3408
-696503.0861 -840349.4271 -720566.2311 -993979.3115
-241986.9766 -513286.2550 -234386.3624 -403974.8895
-14407.7740 214774.4602 -60679.6867 225188.1494
103716.5722 -986704.7090 360594.1168 -910120.4699
-677256.1461 969326.8906 -674452.2191 920874.7384
516555.2500 -930217.5606 605962.4494 -947349.1573
907606.3857 136535.0368 916286.2237 110611.7937
-961015.9126 41325.9998 -952641.7425 -662091.6945
-243067.2702 738430.8623 287909.7739 596221.3145
-352777.5242 635692.9124 -446490.8925 589600.1880
-494133.0757 -798653.8399 -541112.0728 -841442.7566
-90332.4966 786459.9295 196033.5945 733551.9878
-225648.2328 225975.9044 -280137.8480 238027.6982
-643094.7224 -161674.0965 -495661.8205 -132160.9180
585975.8612 -602799.7354 760263.5368 -471819.0385
177144.0034 -12571.9722 -50513.1411 -379977.6219
602032.2939 -390940.9554 679054.0085 -304641.7249
-818665.9958 -68743.6189 -509067.4435 236432.5484
-791698.2079 -529489.8354 -645334.9706 -708452.9838
-603495.6319 -975625.3234 -404239.7442 -992220.8867
-349977.4851 -140919.8831 -349904.8270 -144181.7752
808148.7311 -974990.3746 853385.0835 -882937.3667
138490.5953 -532573.7871 270085.5744 -585442.0776
172262.3322 -210838.8880 34045.8024 -462670.7810
724426.1378 -188199.5397 772690.9396 -135351.3860
-39645.8223 497615.2135 13112.3806 548546.2159
532502.8125 -182735.5578 555493.1603 -130745.2707
642755.2392 470833.1037 -57903.7371 655340.2770
-893168.5588 662352.8477 -983223.1831 794814.5699
277323.3577 482756.0989 69102.6405 479725.0114
-578222.7114 -597788.9907 -610938.3588 -414689.3941
-819688.2355 844039.2549 34994.9702 618806.2254
744566.4150 -629355.9664 807003.5814 -438543.9939
325551.9269 894116.4590 509034.8032 881282.7913
308071.7042 -388082.3780 221699.5844 -358231.2249
941158.7757 511112.0934 865394.4518 747253.3552
-572642.6037 245187.3469 -97475.7995 211142.8196
-439069.4779 -739321.5561 -572042.6873 -514924.0732
310400.0633 840238.5911 419778.7052 787315.2073
824939.5059 344824.1433 685989.9115 231510.2438
506061.7105 -811623.8030 318377.8965 -917858.9153
-536273.6378 375414.7331 -620933.2882 269220.3830
682208.6212 -674177.8410 723630.6140 -595054.7946
-337064.3216 330296.0347 -757677.2963 535686.8596
-465840.1919 -985671.1124 -536865.6093 -938967.9328
-896820.0823 -385652.9405 -903124.3748 -329170.6494
632990.3709 478339.4938 574237.2709 620503.0850
585721.2843 -517806.3691 530923.7603 -457360.1501
-311111.7267 -305807.0828 -445790.8106 -269347.7541
-477760.2204 -110519.2283 -435239.2060 -138995.5749
-879962.1694 -794588.4671 -927696.6765 -755006.2334
-397881.8363 351555.5574 -680852.0143 442961.1291
-754995.1263 -213670.6741 -520950.4098 -522950.3744
934907.9928 82379.4855 871794.5079 51764.6565
6596.1751 160305.2259 -645109.0461 -153137.0055
645749.6841 917357.3208 694365.9281 930089.1720
521844.1628 -576052.2530 424307.9770 -546973.7807
850238.5097 -800894.5840 907798.8665 -811250.4729
-324411.3240 -374586.7515 -507001.2987 -453191.7424
-187871.4189 -980819.6477 -227994.7788 -906053.3759
-248439.8976 470338.6078 -703767.0466 738581.5857
729747.6237 -224065.2886 625093.5392 -253481.2236
994578.3098 -420230.4646 990651.1789 -226380.6264
-710596.4745 514611.9719 -351067.6154 360037.7428
852375.9039 -139231.3674 540651.7508 -662099.9113
-728292.0226 -454438.6092 -748233.9633 -416150.1033
539476.3948 576589.9732 494893.1476 659457.8951
-866843.5621 -62998.0380 -744739.4137 294955.8363
635877.5185 -628012.4872 637303.2852 -678607.4330
659249.8860 318934.8661 770863.8848 314786.4668
-629623.7629 902629.1283 287909.7739 596221.3145
828699.5352 426237.1781 951414.2750 396048.2475
-733916.7406 663584.9837 -432894.1732 463103.0718
-840777.2954 -461105.8339 -847487.6923 -404779.9058
-138919.5923 -143338.6021 -177580.4817 -216545.4436
-904113.5708 969098.2277 -851255.4516 942918.6249
-104051.1986 -156305.1639 -178005.9100 -122365.9998
504606.6851 276206.9529 676155.9262 398759.0195
220379.4460 749424.5771 303337.5924 820392.3397
756491.2928 938239.5238 644931.2150 854943.7889
-251366.0504 -381924.4500 160285.6491 167343.3025
342293.6159 11470.9103 581723.8323 -28385.4369
988779.2799 356578.5000 981826.4171 87260.7397
213071.3223 50845.4220 285151.7538 104343.5789
456341.6604 982003.8991 124784.6481 958478.9638
254079.9237 250943.3443 -159547.1233 301316.0134
-124287.4578 203737.4574 -235343.9966 185132.1426
-642333.8435 -823816.2608 -685993.0615 -947420.1071
195989.6547 334186.8664 87461.7494 300210.1561
426599.8511 -888731.6789 883297.9449 -661812.5992
442432.4354 -139122.1647 489427.3159 -120060.4722
-701887.6713 -284567.0571 -678932.9499 -316174.2344
-305615.7626 419797.2905 -775092.1336 762384.9919
-645840.8255 -132400.1712 -646821.7148 -157725.6668
793942.8717 696441.1559 847937.0068 584968.6602
-49839.2216 -496639.6310 19210.0475 -432841.4556
-199978.6561 740265.0814 -154111.5924 740507.2686
-471550.6233 568996.9148 -517496.2592 585071.2540
-637849.9466 -2128.6792 -583421.5045 17034.8226
-125127.6394 -980595.4979 -49034.8849 -989455.0678
962414.2701 369066.9419 952881.7360 410572.3383
-743193.7591 -345341.7542 -620715.2550 -394674.4528
-578049.4148 360571.3363 -609554.2899 373202.3235
-304201.1309 566734.7730 -319835.3391 537528.9089
155779.0419 603928.2015 44872.2526 630529.0906
-837512.8784 -79244.6595 -560990.2199 195696.4244
729308.9013 270756.2790 700036.1458 257329.8084
-965213.8503 -753390.4996 -942757.0536 -777375.1811
853613.2792 -195590.9741 709543.4527 -415671.0363
900730.8741 -631474.7755 552662.3832 -773607.9464
-163460.7118 -501511.6418 -218930.6047 -520752.5485
267551.8769 519194.5918 303101.5834 535156.3543
-477877.5285 829953.4286 -404779.0482 802087.9456
900230.5355 -482428.0082 812772.4682 -659866.7708
-494719.3137 178884.9805 -851643.2090 -121200.0923
-566923.1230 154533.1493 -429522.8812 206504.7486
853733.7586 875777.4798 854333.7501 864076.3969
-656989.5511 -196406.7158 -748088.0172 -169355.2101
-165928.2131 -89172.1628 -58257.9476 -61118.3274
-336987.2712 -499565.4275 -490008.6513 -474968.7902
-753316.7384 -984526.3564 -813478.3501 -966253.4506
140873.9599 -174506.8889 409118.4019 -97704.4968
62544.1622 526223.9125 31667.0716 538668.5820
758567.7257 -489313.5038 873436.9979 -352750.6096
858611.2978 558623.0144 843399.4202 559021.4176
-542626.7059 -886700.3004 -513863.7359 -826192.6949
-853276.2584 476150.8025 -818987.1066 314077.2652
-926824.1729 52291.7623 -863783.5777 140857.4112
-66608.6301 353382.2688 -49238.0351 422319.6786
971845.8543 86326.6376 945205.0833 91582.5428
-657142.7950 -619304.1849 -663219.3257 -386823.7078
-395866.4201 440508.4582 -195850.2668 302058.0419
189378.3147 814639.0120 300369.5145 925335.5374
-149443.8567 -91765.7019 -295153.6296 -140132.5410
-616149.2618 -4997.2983 -682052.8060 -102744.5064
288827.5843 -786506.9047 472949.1690 -653234.2835
676210.0659 425735.7437 512214.8739 471391.7007
259317.7411 63990.2043 388977.9753 259970.7794
76408.6460 112642.3279 87882.0678 269775.0628
327915.9471 232290.5346 -211100.7905 -366449.0978
-988900.6343 -107787.9135 -984112.0897 -531349.1952
-960421.8840 -994389.0967 -815507.1126 -963593.1167
-371293.7310 -288123.9273 -498754.3384 -186179.2190
212731.1807 128371.4281 91052.1479 -5676.1967
-832307.4152 987554.7151 -409763.2947 994576.7969
-688182.1043 -657341.2619 -849096.9842 -485415.2059
958640.7490 665032.9902 959623.6532 658548.0456
-231723.5875 629321.0324 -237706.4056 584167.0839
-941591.5222 -608072.5947 -925876.7121 -381926.8850
-691584.3315 -24216.7288 -717372.6688 -36011.3454
-754304.3430 111587.8776 -660276.8881 219024.7920
119070.1300 836993.3977 -319824.6698 910837.7906
-777903.8158 767317.5883 -683756.4614 698718.1031
-519260.8515 225468.9128 -303839.4764 224985.6875
769422.2974 98415.6472 731103.9915 71051.6771
930289.6024 -57103.4107 757811.7603 -308906.4872
881503.5359 -494353.3471 985698.4638 -160153.1451
-152643.8425 -506549.6981 5881.2614 -227259.4096
-370646.3865 102725.6759 -284764.9530 98159.8154
264059.2795 -986544.0449 563711.8055 -975622.7726
39727.0901 271059.5071 -141054.6880 273377.5281
318931.1120 -411211.4143 370143.4863 -416691.8816
-251023.6760 -347708.4317 -178963.2910 -107705.5178
673108.5629 66265.8289 322316.3453 39876.0336
634380.3163 895424.3894 589845.3016 917433.6945
-762612.5545 571683.0636 -814054.1257 754927.2895
186985.3369 391345.6480 286178.0067 294425.3221
-232377.5464 -739939.1933 66566.9827 -758185.5029
-711189.9739 736131.5962 -763039.0658 776023.5904
-136399.1964 255250.4546 -356154.1390 280694.4009
-488493.0887 -940079.1521 -214676.0939 -981501.2476
581145.7595 -198310.5864 387030.2203 -313030.3651
-200941.1233 413288.7190 -711189.9739 736131.5962
311174.1285 639186.7083 253510.4704 622971.9399
-709327.1354 805603.6449 -726791.7976 814393.1999
43107.2997 434210.6894 19511.6406 362155.7806
999237.8393 998923.5047 994916.3058 590311.5276
927239.2407 521849.3707 844527.5353 651066.0989
415453.7204 -562199.0509 457197.0878 -619120.4860
-208169.9980 -963540.1520 -257561.2122 -944499.8871
-374988.4543 220606.0266 -312663.9922 154028.3349
492406.6693 -174637.6461 442432.4354 -139122.1647
-668629.6548 240588.2114 -620078.3173 210588.4755
95837.1390 789918.5826 -91643.5031 843698.8995
616385.3153 375244.2899 548063.9822 422629.4577
-598968.3670 -465355.2522 -532948.2740 -661193.8890
-29263.0787 -669603.4188 -292153.2504 -568223.0080
981826.4171 87260.7397 808377.2626 -174373.0728
-869125.4611 157994.1639 -842453.1002 302866.3318
-674578.1938 -251362.5505 -631793.1039 -253394.4804
-460845.9462 696416.2496 -493354.6591 698020.4555
473461.2336 855915.1293 356742.9587 864854.3183
-652048.4473 31482.3592 -764092.2126 -67054.9794
306288.3762 -474121.4491 251319.8512 -460528.4960
492999.6611 -827133.5970 795614.3975 -698520.9533
-197102.0436 -378216.7151 -230354.2133 -470588.7876
-273489.4790 -131608.7822 -138808.8402 -59039.2831
-843329.8331 710258.9400 -952542.1187 843578.8069
-529535.8303 -7961.1323 -649317.6439 -68503.1929
-482992.5155 -124197.1017 -463579.2816 -131904.8287
46849.3123 249548.8441 24886.3720 198710.1278
-174287.9215 90181.4911 -257696.0666 70643.4015
121368.7230 909504.4494 137073.6543 884214.6574
-788338.1765 492419.5159 -830612.2116 378621.8268
-234427.1225 879792.6956 71268.6052 794262.0029
-950360.8417 263810.1066 -915136.2143 236855.6159
-507675.0043 904515.9563 -340503.3814 884851.4858
263555.5474 -442501.1325 488683.0282 -432884.8169
401369.3946 175679.2526 509032.8268 315309.1539
924616.8465 -651663.1556 798038.8614 -753044.4615
881641.4381 954786.5327 415402.8650 955993.7766
782643.6583 -126940.4952 778537.7391 -96243.9391
461456.6117 365162.4234 450529.7981 319028.2819
-764469.3163 73712.5696 -655955.5491 216918.1952
445197.9464 702163.1268 563149.8767 681033.5003
492922.8799 414010.6849 368693.2668 346033.9718
-238035.5453 472206.0778 -325395.5933 539037.4492
-659085.6992 970819.0371 -91149.1201 874033.7740
73315.9701 -622019.6749 47635.9830 -670196.0790
454777.4964 -427280.6936 435197.6475 -432457.4592
-559524.7354 809515.1251 142891.5659 614152.6278
-85044.0638 649415.3498 502138.8257 497471.5207
-4732.5371 -779821.6837 130010.5447 -765104.2176
-981524.8732 996280.5465 -709270.4507 882659.2147
430288.4253 388208.1650 318824.2182 462189.6962
966373.5658 427145.7709 972367.7098 250012.4080
564637.8201 -728708.2232 279559.4043 -846849.0082
-201399.4266 -497239.5366 93956.1510 -97180.2921
876342.4690 324981.0382 875444.3338 198153.7545
-108755.2575 413467.3850 -62661.8996 377231.3238
-923337.7544 -186179.7454 -735874.5999 1488.2941
-475215.6582 -648966.5933 -585668.7541 -463862.9453
93869.0501 -948500.9673 377184.3704 -843297.9711
-756007.2926 -865622.2368 -831994.1189 -957229.0588
-866137.5407 -426304.8998 -826234.2576 -643872.2818
-73922.4960 -569122.5148 240626.7133 -645185.5896
-899574.8983 -335451.0467 -884360.1054 -212103.5487
637731.6059 709569.8135 861818.4967 516692.3624
253776.5037 866692.7672 393735.4482 748815.2207
908661.6654 13190.9309 849282.9658 -8721.8380
111616.1987 916364.3599 175983.1369 936344.5421
-667388.6274 323488.6414 -638422.9650 401991.1652
-418042.2529 -644663.0924 -375707.1485 -702268.7857
-299161.8310 895957.0790 72197.2379 821957.0837
832243.8491 -995144.0696 599257.9203 -953530.3239
179816.0559 8755.8933 -96528.7273 -447089.5759
88876.3633 -399159.1467 34045.8024 -462670.7810
-922381.6717 -199824.4469 -868211.0851 -620949.0615
-164202.5613 -794282.6472 30435.2788 -811333.4201
426368.8089 601966.5466 404175.3212 687040.2824
457352.1993 -375511.9880 347434.5093 -378264.1443
-271831.6234 814532.6392 -250202.2877 815593.6089
-493907.9272 914130.7791 -521274.2285 942765.7471
-345082.0963 638905.4363 -406649.5670 639252.6660
168648.1011 -135818.5795 491306.0383 -48471.7531
-6894.7223 500661.1621 102125.0694 425826.9761
-542709.2010 -581550.3372 -552803.2341 -576623.2131
-990237.9165 915215.7943 -237887.3613 423466.1843
127672.4853 -43322.8183 65543.7614 -97745.2085
-209395.1008 931219.7976 -225571.5612 938971.0653
31782.2942 -159766.6591 -201609.3062 -453985.7179
682151.0509 -16999.9610 686031.9472 85951.5994
-832285.1579 -272001.1977 -829969.6581 -321964.1565
869391.0763 186517.5109 858725.7355 115649.1282
502235.2459 -257738.2199 710106.6303 -121248.5292
512663.6782 -653886.8687 305818.8113 -786405.8396
-604001.8882 22692.5022 6596.1751 160305.2259
-865309.1814 -148687.6531 -841621.6160 -184422.2804
-187371.9699 398922.2153 -702233.1744 728195.0258
-99586.7976 -217724.0686 -114437.6375 -227302.2734
139152.5591 415553.8922 98535.3384 468098.5596
921464.1862 -817849.0902 931441.3931 -768578.4972
210818.1362 -355088.9107 464206.6101 -198968.1026
-999581.4993 74772.5168 -992621.7163 -271.9760
-969056.6352 -829836.3194 -980973.0966 -805264.7439
-838709.6361 -80258.6015 -593524.3491 163545.7370
-545324.3528 760075.3386 -497592.6105 739997.9363
21342.8482 -972010.7962 284529.7805 -838472.5168
-437182.7347 894924.5369 -319538.7074 813709.9587
-505409.5635 829338.1702 -432195.2661 795590.9659
-926995.1121 -484376.1869 -939777.8005 -701954.8040
-859579.7570 73736.5882 -905635.6973 -47321.4653
-979205.2475 646138.0066 -989849.5865 738168.1762
636183.3039 406305.5862 541900.7070 426033.3373
835665.6391 134237.1391 876342.4690 324981.0382
545411.5868 -865661.6287 197791.0128 -984291.4230
-987521.3133 -926601.3395 -882798.9637 -886216.3374
-382379.0478 -493468.1324 -271908.4205 -511354.9015
745389.2747 763841.5583 508176.0817 773291.7165
86238.5788 -138463.2479 -159749.7134 -522179.2636
214277.2130 -29309.8061 -14095.6888 -406210.8776
-672262.4666 902821.3252 -265952.9897 744870.1791
-34086.0668 -625029.7830 85531.3928 -616861.1574
-656708.5618 -267626.4133 -602590.3714 -243795.9859
-959474.4941 584034.3656 -963633.4475 644943.2705
-136212.1347 32253.9161 -208762.8961 -54553.2209
-39425.4344 -229706.9763 -171881.2728 -416337.2756
-614115.0301 -564264.8818 -611087.1574 -517549.1042
716774.6952 415976.4499 803035.2272 327608.6682
-936557.5447 -748295.6906 -714417.8791 -769680.1195
123056.4008 -855223.3915 184034.5845 -814262.9473
964304.2394 716578.0098 926938.6220 767242.1589
254446.5551 28177.9906 -79638.1166 -535246.9848
-884468.3356 -161588.7504 -756958.9934 -66602.1990
-250303.7685 917624.4837 -308606.9566 931353.5537
-963010.8142 -472939.4962 -981591.0759 206422.9222
847354.9314 -36922.4342 552788.4839 -271650.3660
-836102.2668 -816122.4650 -980973.0966 -805264.7439
-823675.5970 -170764.8687 -624884.0555 46457.4277
946774.4016 -837867.3323 931441.3931 -768578.4972
307340.8332 232618.3693 327915.9471 232290.5346
814661.9805 495727.8643 659216.7218 657778.2845
-934296.2004 -903.0916 -949136.9998 99430.4379
157132.7092 -877835.5762 198354.7049 -843884.2450
-97906.1470 965417.9414 -128554.4692 978007.5297
-476341.7575 439196.3939 -667158.7508 548760.2032
-43083.2665 770706.0248 21967.5490 723586.4435
-594926.8230 -349901.4818 -574145.5858 -421156.1834
315446.1271 633986.2901 301203.4930 610554.7996
15737.7797 867086.1319 55725.1891 893399.3626
254634.2996 -880415.6100 257895.0569 -876926.3448
11633.5873 335707.4109 -195850.2668 302058.0419
825797.4033 -674023.9688 608337.2438 -765504.3959
298095.9224 -622897.7889 -73922.4960 -569122.5148
-999486.1438 789187.9225 -954731.4465 808160.9920
620682.9149 765828.9265 623205.9241 646497.4412
901625.3990 -896137.1122 834733.6710 -928126.7552
-934605.6523 492673.9027 -981353.9762 785758.9334
-879191.7139 219058.7491 -921439.6848 198259.0373
-845909.9041 -457553.7048 -855826.4207 -402552.0155
-966221.6493 878932.9714 -186231.9479 313999.5409
539270.2582 471625.2998 913564.4861 369487.6486
581960.3585 249028.6542 434619.0530 123935.0012
-151540.0403 608311.2072 -51261.4361 486284.1565
-542709.2010 -581550.3372 -504342.1556 -712274.4980
149398.5681 341714.0762 176401.9830 344367.7490
-132647.8567 246919.6675 -280112.4789 247690.1783
-721.3492 -491958.3301 3678.0063 -498135.2146
-799867.7345 -998582.0441 -285135.1499 -997473.5345
-418581.1265 63102.5344 -373927.7724 70980.2542
-73195.0992 -508409.7322 117134.8918 -121280.4105
263469.1498 872955.8182 364848.8141 890236.9674
630892.3658 959195.8533 768604.3862 977835.1834
-629903.6438 -620149.4634 -663710.1854 -619901.1801
-54332.5702 -145410.5766 297226.0245 241279.0802
-644975.8845 374621.4462 -656031.7742 284574.4808
854910.8298 232421.8617 855691.0599 310575.4841
-485034.9923 -553461.9653 -487018.5182 -542351.8153
51640.3034 78918.9512 -136733.0988 -37532.3768
-594966.3881 -111343.6896 -159459.2050 89294.6843
192339.6925 -838572.2896 390115.7471 -688358.3931
27728.3808 942430.4669 67887.1588 947592.2954
853250.5079 -469658.6772 898428.4493 -365282.1376
-557614.5444 -441180.4786 -442107.6674 -367793.2427
385232.3624 -786672.3200 480538.0453 -691079.0385
-94248.7773 -623085.2794 35415.7593 -696403.6489
-381427.2296 53930.5801 -375522.6598 7975.4216
110867.7295 776978.0263 198344.0418 855505.8914
-342506.6085 -194115.8920 -389133.0281 -178381.3948
-73881.0859 -334677.1931 -33277.3096 -282753.6499
455013.3896 -2962.2751 655813.8837 16701.7080
219087.6092 -689115.4914 93332.7143 -638223.2329
-879191.7139 219058.7491 -879575.2338 267710.6839
329758.1702 344414.1656 308673.3421 371508.1756
479668.7834 400947.3439 275127.4786 143450.8097
98331.9580 -192256.0018 219676.0011 26282.8810
-372567.7480 214367.2138 -520113.3968 172224.2821
259126.5982 28452.4048 243465.7779 -22014.0384
244031.5907 -353155.7497 430653.8092 -231157.7956
815916.4060 -108842.2296 614575.8099 -509258.7220
-20915.8679 354503.6356 98058.6845 359342.1439
-211504.7391 -646108.9150 -409917.9292 -583525.3358
-332101.5165 360912.6869 -651540.4675 601481.7861
-242535.2942 -850726.6280 -1141.1177 -819785.1337
879848.3283 2836.4399 955839.7565 64070.7358
478357.3783 -635126.4974 110044.0131 -484413.9208
49376.2875 62752.0322 -38619.6427 19317.3947
-954064.1385 918075.2325 -727000.8169 860789.3755
-186474.9593 382486.5264 -425074.1458 515082.3120
-438117.0876 543524.2314 -325515.5985 479025.4200
123691.9848 575748.9388 -655930.4963 773015.5079
132541.0501 -413939.6357 142777.0325 -468800.8873
165185.9817 -576320.1986 254099.5013 -606521.3929
-442212.6973 -570231.6455 -321685.7983 -543320.1769
887380.5466 -40161.7339 971845.8543 86326.6376
-865693.5580 -403215.6902 -830023.6558 -395300.9459
-201383.9072 869221.5994 -382982.0231 910640.3915
-91149.1201 874033.7740 -70769.0447 875908.0579
216291.4246 795594.3610 196033.5945 733551.9878
94133.9515 82866.8569 152716.7827 198184.1281
-21972.3729 995864.1959 -551291.0783 998116.1438
-88903.9444 286738.3673 -123199.6478 277908.5701
912103.0320 72757.1703 861584.4261 48171.8711
899644.2135 141510.3891 855784.3068 70096.6156
-194516.5900 -63598.4112 -74464.3577 47557.3104
915879.2814 336928.7657 911517.5524 257341.2201
-611116.0132 -427824.6956 -646838.3224 -578512.1811
314205.6473 -703905.0946 446976.6889 -638528.0310
291215.0137 -695625.2786 331707.9510 -693606.4314
-913279.2485 -390070.7326 -879171.0618 -615349.6742
-286387.8871 588673.1137 -166371.9640 384210.1892
238641.4877 -695035.4008 122124.1580 -671761.9749
-712960.7598 164441.8702 -730157.1230 142028.4472
-559372.2253 -295851.5218 -638005.4579 -297194.5423
-157619.1033 -828540.3379 -471851.7754 -815514.5595
-103890.7728 -707532.6509 -324030.8746 -666214.8309
124784.6481 958478.9638 -957668.4963 988822.4541
-274049.6146 -849777.5042 50686.9130 -812319.6537
818415.8371 364508.0057 783156.4564 381100.4409
623485.6114 339213.6725 705751.7447 399144.1113
-575501.4284 297117.7160 -451114.3189 257413.9623
-303209.2909 -479479.9847 -384998.7251 -491063.0379
561630.2081 -106004.0319 629426.8340 -5217.3972
-82273.8213 595379.5858 -64659.2124 580485.3009
-840777.2954 -461105.8339 -799769.9366 -537098.2234
628959.3233 966595.1554 732621.1487 979143.6273
-560295.1749 39953.5407 -305112.1095 135687.8312
-848717.1781 -213543.9009 -525515.1653 112631.1025
-893807.9758 720919.0623 -905436.8297 766226.2922
854111.4655 -47848.5573 692576.4558 -389453.4825
680738.0754 -31439.2488 636182.3933 56067.3722
99803.3039 -343843.3449 110265.0263 -505316.2004
412195.2879 670135.6753 441823.7053 652610.3243
-242138.4164 -64539.0322 -218879.9330 14335.2314
718444.6767 411696.2231 500934.0802 436953.9975
88046.3293 -804395.4659 145433.0799 -773079.3918
262957.4074 -536923.6920 149206.7438 -453872.8124
-859579.7570 73736.5882 -793802.3763 247871.3682
-983837.6074 -83330.5039 -984711.8432 -338144.5318
-101811.5992 -663794.6255 -234851.3353 -652751.1385
-841169.1419 684742.4482 -837574.3261 594399.4741
196033.5945 733551.9878 282016.9278 781020.8082
464039.3337 100216.8611 634790.1339 135860.9789
-36285.4638 116608.7618 -114255.2591 81023.5394
228460.4706 -447841.2244 320932.0178 -522113.2760
-544456.3130 498009.0448 -380932.1268 383864.9007
754004.9956 -835237.1115 720254.0845 -762145.4228
861155.3416 113718.9038 902298.8935 229451.8507
-35902.6600 115520.3949 -114255.2591 81023.5394
399122.9063 -506758.6185 430030.3566 -490413.4343
651060.7400 -52437.7814 660468.7718 -23229.2613
-314665.6117 -734512.8220 -288751.3888 -742974.4517
155644.1417 998119.6302 960925.2140 993729.3944
820272.6231 -745214.1941 902750.7202 -694777.7742
685331.3533 395929.3637 504414.5435 249584.6709
-769547.5097 495240.3713 -811289.6074 508650.3832
-552590.5258 986200.9206 -355608.7432 988579.2296
-531888.4062 963587.9030 -523421.1119 968203.6546
44419.0598 925636.9738 116045.8496 870426.3891
230192.8179 -876358.9846 -13121.2435 -992906.5487
563841.4145 -405010.6317 373767.7387 -417223.6029
-303857.0884 762815.8233 -159588.3097 726915.0265
252616.9861 -259089.8666 355062.9994 -176161.1601
202368.8235 339951.0806 117584.6445 409533.1563
-345521.3239 -380143.2962 -502810.2984 -438921.0489
-777329.1085 808766.6054 -944165.7809 901666.5568
696652.1156 597749.8817 736644.7488 539348.7630
-970108.2533 -581062.4202 -976209.4307 -394927.5741
724186.7173 -566353.8769 679664.0609 -547992.4559
-641275.4461 -193415.1361 -682024.1415 -237377.8455
-245923.1970 518579.4110 -310148.8238 620094.4636
-604276.1358 -916086.5394 -612988.4552 -916419.1025
662219.6376 -908745.7728 781508.6958 -929944.4375
-537374.2107 -934012.6606 -280114.7822 -875639.6531
543897.1958 -672369.7849 600518.6183 -733030.7804
-136399.1964 255250.4546 -786166.3373 460933.2190
856625.8224 896280.2940 928209.2780 909538.7011
858725.7355 115649.1282 885119.9371 184899.9357
708369.1552 44182.4750 704322.5590 -45703.3448
128439.5960 513923.0321 74837.6575 491888.5812
-56818.9689 -553797.6790 -161934.9013 -524871.2450
-717335.7618 -135938.6898 -719063.4587 -134604.7770
689768.8142 181496.1504 734582.5005 232395.3323
292649.5276 856424.5179 450914.3246 856141.1786
703130.2024 306611.0901 633880.3212 271142.5697
-401091.8301 353640.5736 -838684.4848 546046.9248
267567.8440 -118357.7619 165486.2462 -144799.1867
668466.0727 280499.1993 693767.5865 207744.6373
-483694.8015 342214.3912 -498850.2203 325514.1730
670647.2289 -808741.5524 720254.0845 -762145.4228
-595621.0170 363973.5636 -590677.8746 358273.5439
828392.2223 20771.6235 816971.9245 143588.0230
839373.7584 -953656.1119 815374.9801 -963203.5389
-152041.4855 -846961.7223 -380520.3870 -858499.1762
-710243.3787 -545725.8384 -680399.9428 -618305.0319
532358.3737 373054.7341 480875.1810 290862.9210
646850.4860 -636023.7157 653827.1824 -682044.7283
-365350.6979 -143016.2774 -276571.7023 -122310.2131
205609.7366 199649.9402 172887.7475 211258.3563
15852.3225 939320.3159 125479.8184 940965.7783
388977.9753 259970.7794 -6639.9151 -383278.1838
426363.0407 -434790.1603 472278.1048 -429181.3807
182800.1815 -882238.9878 157132.7092 -877835.5762
743421.3666 -719998.7624 576722.9343 -780923.8730
480848.8244 -390385.6698 570202.5991 -387237.6184
811776.4079 -339413.8710 837390.0876 -245583.5509
847354.9314 -36922.4342 630524.4424 -406570.4390
987373.4666 54331.3347 969575.8779 53013.5158
176905.3935 313466.5013 196003.6258 284441.5880
-94183.5425 836732.3966 -71424.6636 797607.7320
-943815.4544 -367422.2114 -950387.0375 -192614.9539
539574.7267 351154.6814 510027.5720 315741.5258
615517.2666 -978691.5756 736021.9545 -996282.7068
-459384.5426 -217201.0549 -462294.8388 -177017.7341
-56623.9369 -790992.8548 -87179.3647 -785026.2184
378969.0459 558734.8428 576139.0334 505055.6927
-63649.7293 195791.3113 -95545.3064 172272.6479
-691758.4905 766244.0815 123691.9848 575748.9388
-373349.3373 -282204.8526 -245321.2906 -265006.5536
198232.7045 -792243.8952 192066.8214 -781482.2080
852188.3106 708384.0764 816924.1338 755779.4584
645961.4122 812566.4354 627892.5514 887649.4879
751625.4387 219126.8466 745452.8917 132505.4089
314594.6024 16518.4502 518914.2085 15929.3251
400705.5146 499099.5094 637769.5742 441347.7700
208454.3150 -399877.6950 166140.7149 -346765.6118
-133751.8903 -672528.0711 -4772.8999 -713818.5299
648097.9475 168061.0110 679265.3816 117724.9207
-667109.3949 747546.6711 -472006.7134 609147.5303
801021.3650 -75332.5021 802016.6905 -80651.2730
668288.0793 171772.8077 674928.4924 232820.5398
238917.9416 -1316.9908 243607.0003 -23557.5582
843309.1481 -283048.4770 831046.8260 -296849.5185
-368741.3230 -233449.3505 -281480.9806 -216330.5807
591813.1701 -810896.2725 545360.5456 -847261.5291
28531.5958 -827290.0705 -149269.8661 -865922.7649
554167.0907 391145.8390 608883.4929 358990.0572
-123024.9129 -76508.6545 -37133.0204 -50283.5973
-842790.5255 693833.7234 -893168.5588 662352.8477
591153.4246 512777.0249 454236.2708 660734.3871
485128.0190 -917441.1352 620448.6370 -912515.3867
587393.3894 -709144.7594 660152.2800 -712623.3347
490354.9602 744725.1460 504096.2246 717303.8719
285299.8255 772080.6728 347189.6739 781547.6515
276884.5453 17760.7926 310612.3748 -4463.0327
-758118.8610 -712566.4391 -806831.2950 -732368.3855
419203.4888 -326864.4924 410257.2444 -356931.0241
-649898.1290 114248.5188 -670825.3615 95682.2125
-590919.0782 -576089.9798 -625590.8707 -678268.9891
311630.3172 -751057.3511 288827.5843 -786506.9047
-902566.0453 167109.7931 -855525.3049 263354.1952
-41034.6190 778312.4872 -70401.8501 788499.9207
107315.7360 842214.0126 184862.7590 926922.8236
906265.4645 468099.2712 840117.1276 548885.2084
992002.7752 592124.9461 973908.6491 918754.1886
-352629.8950 -434149.1977 -295027.2228 -404365.0987
274361.4344 -738997.6690 353194.5989 -708436.4013
-143733.5422 75332.1289 -446134.8245 -93848.3016
680539.7291 663181.6438 806976.0057 527126.2508
151279.2292 568270.7040 -92417.9511 616918.3842
829082.3084 -410800.3399 791021.3988 -606507.0685
594917.0970 483500.4052 142891.5659 614152.6278
795177.6224 292688.7224 745452.8917 132505.4089
555759.2247 639341.5883 582642.5801 614497.2285
770666.7729 837414.2019 831233.1146 838894.6863
691241.1984 -154255.4829 393607.7699 -376363.1510
625421.4809 -893968.4705 666456.4086 -858860.4673
354565.6581 567298.1434 67004.4370 644023.6831
524329.9285 141234.5645 379026.2332 59899.9978
-804127.3948 287420.7167 -793280.2667 401438.5539
-335604.3581 -867036.2183 -459243.8806 -891784.0494
688890.2337 663715.3544 834559.3443 507648.1727
663778.3706 -686472.4709 640687.4820 -587891.5401
-808294.7584 268428.7398 -763166.9071 419261.9032
-895930.0144 979496.9085 334249.6483 949029.9781
805961.4486 313029.9867 792413.2715 272338.5129
93777.4066 -826224.2229 -13479.1048 -867090.1055
-730048.2292 816313.3183 -836857.1894 848116.2966
-78170.1073 -856396.7898 -95465.8915 -866150.8397
-221455.1195 248647.0838 -279912.1220 255735.1813
-239997.1036 -538458.1753 -234386.3624 -403974.8895
109019.2645 554623.6826 127916.9403 537417.0427
237784.5710 -250356.1437 290433.2677 -196176.0701
686077.8988 229737.4197 676687.9785 216086.8352
991247.5791 742782.8886 989904.7298 890923.6130
-528074.0233 681920.5536 -505426.7543 637561.8181
-780315.8778 -878511.1360 -962290.2026 -974406.2398
999873.9643 450232.0779 998071.4208 -476593.5139
996690.3498 55924.5000 996997.9644 295441.9554
709302.2034 -159896.5782 639099.0752 -217987.1269
98187.7823 -940875.6191 559932.5995 -742119.3126
32739.4021 -671215.8002 155556.2826 -719696.1360
644931.2150 854943.7889 673730.8061 843073.7177
520284.0581 297034.2230 447325.9886 211220.7409
906600.0965 888081.2220 847363.7980 817085.1395
323639.1118 -310147.2433 573889.2108 -157581.1366
471004.5372 402133.5662 328731.6063 480610.8491
242944.1272 943952.8919 147430.6142 846010.3598
-255123.0448 -748723.7369 -335362.2096 -746865.9715
5398.1530 213599.9489 -132647.8567 246919.6675
978958.2992 954992.9583 923861.9243 970355.4079
-491605.4587 576131.1145 -558430.4041 619448.0722
906265.4645 468099.2712 833971.1906 494530.5387
-137453.2222 -912839.8366 -74378.2534 -913104.8591
450988.7498 913130.0461 272930.6032 935511.9702
311174.1285 639186.7083 346111.0234 602684.4291
787225.2653 938723.4603 766234.7245 868602.0486
28730.5707 288228.8963 24124.1914 316509.4487
-608487.3757 583828.2796 -393154.6699 441628.7578
574302.6685 965761.9382 732621.1487 979143.6273
533164.7883 -204124.6657 597015.0423 -187065.9504
363241.1926 -241610.6016 298573.6366 -275768.0811
-774187.3672 659143.7986 -694186.0047 628913.2078
-735291.6947 229096.3801 -804700.5407 46465.7730
608700.1035 940016.8579 534319.2259 892838.4291
465110.3227 -981731.8438 647607.5523 -977993.4776
-658636.7817 360641.1711 -745871.6260 319870.1441
470811.9910 -41366.7049 357176.6503 -2901.2098
-454978.0152 -70286.5424 -625765.6095 -147683.7429
976754.8874 731381.2782 940110.7057 789057.8949
726969.7775 -476958.7048 808012.0544 -338203.9639
727894.9661 909048.9870 723329.7740 890164.0419
-930168.5197 412384.5529 -982295.1214 505579.6500
-445299.1564 -308308.9717 -397442.4973 -363706.9601
-375698.2069 -626204.1422 -417880.1818 -608715.1100
-999329.7807 787400.5589 -972799.1292 -690432.1260
16294.2090 115191.7017 10137.1751 110866.0041
-169734.5651 -575477.4846 -155080.1632 -559289.1888
866348.0950 239782.0779 863308.8786 235892.8389
-293693.2188 83682.5720 -344105.4799 55561.0646
157399.9302 -252233.0950 169337.4626 -237706.1990
-942466.8866 440597.5282 -968373.6666 608125.2677
302840.4140 -618894.9450 294317.5340 -620873.5649
-314322.5486 -561907.4888 -280185.2220 -571127.6124
-402397.9391 834668.5609 -396662.2811 846305.0970
-856336.3906 -59530.5093 -726186.3671 43423.4279
-534507.6877 317849.5070 -516705.8089 360047.0493
458029.0448 -173909.7879 332011.1304 -128018.4235
-911400.7868 -466392.5467 -923119.4322 -347763.3996
33708.9262 327400.5963 20544.7455 325704.1489
-776169.6216 527651.7518 -892997.5662 600202.3894
-808194.3020 -536402.9928 -676625.0851 -717221.4566
-18428.9636 886113.0219 -213421.1389 923272.6211
887045.5974 375416.8886 935685.9678 335557.9803
944042.0511 -53553.5407 953079.2319 -37509.9598
-110646.7530 906304.0740 -118149.8885 929586.0309
-502810.2984 -438921.0489 -324411.3240 -374586.7515
770217.8242 392111.6385 904075.2692 328004.9657
-3801.7565 983778.4704 -98642.8367 991304.5535
210784.3773 300591.8324 246255.6494 285765.7604
-390193.5390 -152115.6190 -364261.3430 -121560.9925
-295605.3280 -790841.0135 -119676.7814 -784983.0114
-128602.5563 -957713.9124 -131646.9774 -927026.2563
802418.6379 -391908.9024 843434.8336 -329143.8625
317348.9074 -721889.1067 197687.0701 -740674.2180
246666.8954 465525.5722 231374.0087 429573.1013
30833.2340 -568947.3491 11994.5697 -533388.2529
-822364.9903 828390.2542 -690132.0384 761561.5918
498086.5402 837697.6467 534435.5927 821505.7734
-950040.7659 693243.5219 -897668.9245 631374.1493
421960.1042 -61737.6744 258811.3373 -1788.2721
888867.3815 -363432.4261 983090.2149 -25330.4288
920506.2387 444986.8893 898754.5253 446254.8425
196151.8853 -185153.0977 284034.8563 -179474.7336
741216.1219 -612371.5799 723630.6140 -595054.7946
630818.7285 249237.4184 584589.8803 205359.9989
-289292.0008 297086.1487 -391053.3167 320298.0159
-177168.2881 -433082.4558 213071.3223 50845.4220
955519.1225 27500.4976 944042.0511 -53553.5407
773394.4559 -345019.5781 768980.4347 -369485.7392
-154328.6173 -517815.8091 3373.2263 -272461.1031
-962101.1016 248062.1322 -900433.0912 161308.0549
487394.8827 447349.8172 642296.3628 423783.4257
970327.2056 621596.9117 972455.7490 534986.4574
794303.9778 205099.3428 765780.3210 184439.5407
-849096.9842 -485415.2059 -784556.8953 -584618.9050
767243.8868 793303.0797 862519.5161 852259.9548
-668420.9277 99042.0024 -733546.2841 60154.4664
-985394.3059 239442.1757 -938983.1908 207857.1517
-100759.2508 657127.6141 -478371.6155 758828.9542
949044.9492 678215.4178 907061.2989 726435.6903
896115.3167 -247317.7968 802418.6379 -391908.9024
-415669.4067 573112.2710 -306825.7485 625480.7260
-556970.2024 -679667.1036 -546278.7470 -662764.0952
718816.0274 467238.8482 603882.4872 570487.8600
551772.3424 -508566.7046 563350.0387 -523640.4485
-919789.1903 645449.1097 -812650.8651 570262.0665
556917.3458 -295877.8528 499566.6242 -337598.2762
836651.3984 -848245.0232 811633.8539 -819896.1725
642296.3628 423783.4257 469748.6056 440806.9479
210871.5785 -576232.2468 99303.6429 -561236.0678
-297868.2759 -877087.3800 -518115.3176 -906794.6408
-557738.5075 565004.1069 -212480.9210 315441.5038
339105.8267 383826.7388 329758.1702 344414.1656
-268815.3664 -749600.3036 -255123.0448 -748723.7369
-876095.5060 735607.1795 -862331.8653 725250.8055
-124047.9467 744565.6267 -73090.7081 728802.4505
-280114.7822 -875639.6531 -354009.7397 -900071.3714
741136.7053 -912314.8216 710790.3295 -900875.5405
127909.2398 243271.7976 152031.4976 239775.7114
-463096.8280 -761775.5164 -397272.6147 -779763.2778
144177.5178 682590.4543 281282.4666 656654.2105
770703.9480 -321850.8934 924894.1305 -69722.1092
342162.4920 329078.0820 368693.2668 346033.9718
434619.0530 123935.0012 499063.9549 172792.6064
-668128.2300 -926924.2152 -582304.0281 -821750.1740
908569.9889 -166966.7290 863863.2042 -246796.7364
-762612.5545 571683.0636 -749244.7357 597018.4708
-408718.5178 770951.8690 349969.0555 556443.4528
258703.1248 -314066.9853 473475.0872 -189186.3097
-814541.9699 675441.3953 -842790.5255 693833.7234
817343.1423 -267068.7671 804034.3504 -280267.8901
-986127.9235 -955872.3848 -882815.2412 -922879.6901
-805900.7934 840742.6269 36879.7069 640819.3794
200586.5398 -988826.5914 264059.2795 -986544.0449
-947245.5412 147120.5425 -968459.2890 209210.3170
-400894.8191 961869.6164 -412905.7456 952832.4398
213797.0138 152472.8512 -5711.4958 -87343.8522
-453962.8960 -925060.3338 -38454.8832 -878631.3113
488713.5049 96090.7020 673335.5404 117488.3234
825192.3538 634342.3020 860884.9710 584839.2767
827026.2620 -617500.2895 857292.9901 -513997.8010
727803.6410 883628.4787 727894.9661 909048.9870
72530.4656 344215.9911 -46352.5209 311948.1360
251319.8512 -460528.4960 267167.1629 -450675.8850
-357409.0277 -922112.5746 -251688.9161 -971445.7395
737524.1429 -661195.2007 812772.4682 -659866.7708
-727000.8169 860789.3755 -781814.5369 890573.8751
780648.2441 -797844.2904 820272.6231 -745214.1941
-879962.1694 -794588.4671 -656352.4888 -799129.3489
680093.2740 -630789.8359 709846.6379 -615562.5102
231822.5552 -445513.5346 294602.7267 -401442.8388
-539632.9058 -54761.0018 -677788.1711 -113602.0373
300801.7043 272545.8622 230779.0520 207295.0651
-483827.9924 -780160.3101 -882421.4781 -789241.9943
814142.7513 -91660.3858 773967.4031 -144775.8441
-596246.4246 706743.5778 -345433.6185 643991.3412
-263578.2983 588655.7328 -270244.8998 606062.6403
-515084.9974 146777.9010 -494719.3137 178884.9805
-792167.9664 -858122.9453 -952736.1738 -915605.2135
-728874.7575 -209199.1131 -690153.4982 -232903.9228
228757.6599 -68304.1209 158404.2735 -139443.7797
66142.8417 411090.3902 30030.8827 381612.0549
-32165.3056 -665396.9622 35415.7593 -696403.6489
-522298.1465 7358.5599 -558611.8109 13197.6505
989912.1508 -7509.2221 992809.6032 463527.1499
-405458.6805 -674232.7836 -431913.9513 -696755.0070
279787.6424 -415409.3327 435347.8068 -295841.6384
-273033.5723 -75023.3203 -292556.9149 -18364.6784
-429784.1868 350564.0034 19117.1274 219452.1456
121812.0168 -519165.9217 171633.0379 -527199.4260
-134760.6072 860952.7182 -403818.2784 918080.3683
-386028.0232 -667818.3734 -234856.3258 -701240.9831
77190.4306 -851459.4192 225849.9471 -798495.8890
-914978.3135 -44480.3778 -884914.6082 106173.5566
438155.3198 -708264.7063 236246.2385 -845135.4307
377843.3491 -273982.0467 524045.1417 -164892.3416
854159.9317 -655571.0454 827460.7493 -679572.3737
-858126.2429 829335.0353 -571564.8443 677459.7030
962695.7947 858202.9283 793597.1112 777105.1094
-98642.8367 991304.5535 -155651.2880 992385.2217
-811224.1583 -699801.6761 -782613.3603 -604642.0261
949774.7405 -491008.8838 873787.5616 -571875.7783
-921678.4075 8615.8350 -925185.1624 44901.6531
250975.5226 -987754.5576 568199.4536 -984413.4716
798038.8614 -753044.4615 885055.8186 -683272.6406
-299554.6979 -617877.4378 -292153.2504 -568223.0080
835863.3696 -619921.8092 953696.6814 -592848.1124
-873561.0159 -685783.9623 -808580.0600 -632310.4431
-845180.3778 -784413.8975 -936557.5447 -748295.6906
190568.5082 -564726.6820 210871.5785 -576232.2468
-74077.3725 -202020.1780 170843.8378 89562.7460
-792688.0042 -924565.7598 -739235.8464 -912292.2419
-409111.6631 -736222.3826 -525334.8595 -592229.2385
329363.0922 -644640.4933 331297.1220 -639882.3803
-790776.1288 909012.9381 -974193.5383 979858.4556
421399.2662 -696111.0562 230771.2338 -837117.6416
-124864.6589 953987.6857 -416323.9596 947474.3033
-709367.5587 470170.3671 -682153.8996 466847.4842
-731705.5282 695247.8042 -607169.6620 593331.5327
128702.6336 -414828.8566 107063.8626 -383231.9249
327651.8592 -846505.1649 75858.7140 -956129.8313
-155080.1632 -559289.1888 184432.8535 -638366.0721
309701.1843 608203.5319 315446.1271 633986.2901
-595448.9827 958665.0715 -14844.0638 853941.9716
239136.9041 973246.4937 450336.8107 992988.6397
770666.7729 837414.2019 691776.4634 813284.3912
40250.7589 -351502.0163 -34190.4708 -466731.2848
-627441.1597 -437977.5308 -644678.1450 -422729.8601
-234635.5028 -692181.7700 -356400.0132 -668671.7917
-528253.4609 507186.2431 -609898.3714 543132.5675
-174287.9215 90181.4911 -719063.4587 -134604.7770
-212493.0424 -483540.1416 -158174.6072 -427200.4923
-2122.6217 -523313.3058 19210.0475 -432841.4556
-778339.3935 -90653.5275 -865309.1814 -148687.6531
610387.1014 453973.6431 583432.5910 473688.8116
-746540.8491 754975.5612 -729461.4611 735455.8946
78071.5826 -621201.7503 140949.0632 -651973.5592
-305398.5934 -733093.2689 -204017.3191 -731568.8860
152248.5203 114880.9082 223127.1974 193455.6028
-395156.1690 958060.0158 -329464.8450 954497.9632
-452897.9175 924556.1410 -456375.1775 902757.2673
672097.1454 -232597.4152 734530.1028 -156053.8539
-720322.2976 -753469.2789 -884020.7464 -740989.9450
-435419.0697 731573.7899 -330770.6156 692451.0342
-495540.8627 14125.0312 -499376.3413 29545.1208
523386.0971 9539.9170 580289.8205 30928.1862
-9508.8754 -62651.1258 -118811.6655 -213727.9138
-965042.0016 -855969.1126 -794462.9275 -814809.9978
642755.2392 470833.1037 574237.2709 620503.0850
-876986.7564 -766119.2356 -394579.0250 -781501.6167
-962290.2026 -974406.2398 -866326.0179 -946426.3221
48512.5599 280061.1344 120307.0919 274288.5599
377383.9102 353603.1125 282266.1205 480670.0900
242421.7801 -840504.6027 219352.8788 -834608.9010
-65677.4372 -118185.9601 -213109.0633 -305069.5521
-970046.9508 53605.2785 -959747.9108 -445650.0731
275666.5735 383062.9497 267797.7340 397537.5933
973455.2882 -890175.7534 845728.0594 -823849.7423
848469.8413 -939732.6182 901625.3990 -896137.1122
-29383.6035 97282.1875 74686.9626 117449.0081
964914.4846 -497509.6393 982213.5347 -776826.4223
327229.8660 103110.7828 276640.7378 63186.9265
-30203.3484 -928118.4293 83787.8893 -934462.9143
-562913.0407 28639.9590 -499376.3413 29545.1208
-536002.6000 350643.5574 -609740.1054 279241.8726
798209.3510 759114.5974 867464.7230 623518.6180
525209.9904 496369.0835 -78549.4242 651563.8900
662669.4760 534611.1012 718816.0274 467238.8482
-234851.3353 -652751.1385 -95999.7918 -691663.4333
508633.6737 778115.6426 506675.4197 762113.1858
972367.7098 250012.4080 972171.2958 373284.1390
-918015.4784 335622.5129 -977806.3230 401999.6122
112694.3693 -951866.3146 -13088.4711 -999603.2964
-582006.3946 225509.4947 -532895.4821 227035.5011
47417.9904 -276128.7126 104912.7323 -167260.2755
742795.7317 397346.2350 824939.5059 344824.1433
-658121.5084 -249295.8974 -614000.9936 -240642.5310
-340917.7947 -856758.1435 -153871.1732 -850499.1533
610347.3664 686866.1841 553338.7492 768883.4364
-552048.5745 629055.0659 -965586.3588 899587.2596
782966.5985 -710687.2575 328750.0654 -927450.4255
465919.8844 513081.2148 505951.0877 503703.1250
674634.8510 -289488.3702 660100.0473 -315437.8527
-709367.5587 470170.3671 -744843.8258 503630.1419
-56375.3795 208564.6378 -203839.7161 136836.7244
430483.1113 -455610.7457 450022.9944 -446111.4847
800505.6236 -556029.6189 779834.9663 -543478.2871
153339.3205 -392503.6996 195534.8108 -455369.9042
-405578.6368 -299503.3046 -482005.5657 -284160.0453
989959.1158 440108.9438 988474.6300 -75659.5601
41442.8245 -108157.6770 -126643.6484 -346371.1440
-878935.2733 -700823.7739 -851606.3764 -686007.8370
791947.9574 163461.4282 704942.2337 -93513.7903
-872824.0321 -239486.2526 -884097.9091 -192696.2173
-68726.6613 190359.7159 25657.8989 216126.9816
235873.9877 3090.9729 111757.2231 -204357.8311
-864964.7105 -83095.5599 -836352.8107 -4538.1314
392648.1552 -233816.4600 258703.1248 -314066.9853
-404379.3270 -916730.9121 -588824.8214 -941371.4335
-242438.8140 -778020.2972 -183663.3993 -775626.7245
475377.6141 819247.4933 474478.7627 860905.7905
-419410.3165 552228.2780 -665033.2758 708007.1917
525209.9904 496369.0835 559572.7949 488231.8107
622771.1118 426771.9743 600250.2711 433967.4262
935282.7392 237563.4939 862286.0194 86737.9687
932071.7978 -573510.0139 949938.7542 -500727.2790
642180.4716 -420636.2474 748731.4032 -223571.5378
865846.4201 715539.9611 905924.1168 605700.7042
-40690.0486 -408045.5342 -147670.9688 -521160.7669
763959.5858 634447.0145 858611.2978 558623.0144
-917501.4230 -164145.6869 -846376.1154 -62200.9136
548951.5335 242516.2905 726848.1613 402723.5954
-945048.7647 -331239.1891 -925876.7121 -381926.8850
-334065.8771 -357960.9914 -428955.4948 -326945.9175
-743292.4068 -167749.1724 -717335.7618 -135938.6898
-992520.3846 -824335.1837 -980973.0966 -805264.7439
959459.6739 -933984.8754 992476.6321 -927515.4016
-948265.0564 -153256.7402 -943625.8479 -148312.3981
-267031.8458 230421.0569 -500789.8763 243097.8961
-221449.7601 238662.1803 -225648.2328 225975.9044
973209.7455 -367546.6188 893110.4972 -480939.0073
751105.3754 -47570.2353 784092.2056 71132.3152
278102.0929 876839.9965 385452.5578 918906.3095
197692.3246 -367173.6122 222357.8362 -331628.9730
875221.7468 143342.7855 941103.3507 264786.0357
-195702.5081 -63458.4246 -80206.6388 95888.8071
273535.9530 373090.8136 125732.8486 459655.5160
824939.5059 344824.1433 813294.4440 336328.6079
-335447.5012 888689.1521 -71424.6636 797607.7320
219128.7934 268067.0756 88240.6511 285731.9243
820234.5106 78568.6779 779967.9211 18898.7018
574237.2709 620503.0850 616529.5265 479817.6772
-635607.7128 -326821.4353 -525697.5986 -318211.1040
-443419.9961 395124.2473 -357320.7421 350838.3520
-262451.3679 -186955.7381 -311289.8324 -182721.4972
-178910.8505 -214519.7530 -182598.4324 -186025.7848
-807638.0075 -214318.3594 -832285.1579 -272001.1977
-775163.8411 865926.5026 -851162.1747 889243.3758
51985.2692 -641642.0836 24000.1123 -650545.9845
-699756.6300 -414302.1743 -679585.6719 -396768.4224
158405.5158 -814820.1154 164813.4197 -812403.6657
930212.4699 469759.9433 813458.4237 578634.7058
203456.3339 858438.5208 164796.8148 781214.5927
199620.6434 872668.6963 193199.0366 870243.9099
-46749.1006 93673.7599 -195702.5081 -63458.4246
-68314.3121 119139.9901 -143733.5422 75332.1289
-648768.0120 734739.9314 -131457.3236 612303.3706
-427008.4270 -965548.2650 -329008.1735 -981034.0376
-593435.2872 -272004.2236 -522414.1150 -150297.5768
42582.7634 -742512.4523 -82867.3598 -741215.9940
147704.3878 -394094.4639 219922.1791 -493980.9968
-920379.0962 322512.8856 -915136.2143 236855.6159
799641.8222 184211.3691 775518.5845 135897.4985
-938774.0465 -196149.0122 -925876.7121 -381926.8850
283043.7549 38896.3113 545079.4801 76052.9735
-204546.3839 -451761.4848 -227472.0449 -539215.3500
-82273.8213 595379.5858 -186645.0638 632712.4302
101862.0464 335778.0774 64469.1803 328303.7644
-224307.5917 -369769.4877 -177500.8691 -381072.6371
900347.7309 317606.2632 892626.4261 237594.0596
964051.1749 6008.7319 967790.5769 -74104.4828
-283706.9769 376055.2964 -414299.6779 464534.3518
902750.7202 -694777.7742 870431.1422 -735585.0852
975975.7053 -995503.6926 948334.4377 -919386.3609
221981.8290 949770.9994 -217294.0952 959063.6471
378207.3179 -647713.9872 240626.7133 -645185.5896
393735.4482 748815.2207 327328.3470 757163.1293
-822793.5913 -465738.5073 -789588.0752 -486115.1272
-418740.3119 -426225.8735 -412172.0028 -445984.6697
-754002.8499 -9105.5312 -764414.7937 -17229.3503
-689463.4242 650641.3322 -343089.0111 407435.9737
-763939.4190 360587.2911 -778163.4922 253043.2949
643302.1658 -486727.2437 694303.6154 -353987.5504
-282229.9501 -535779.2515 -241173.5488 -565643.9031
-750053.5721 -605092.2584 -733532.1481 -625029.0145
883442.2542 -949596.3247 866651.5767 -991976.4820
471004.5372 402133.5662 450585.1737 435197.3092
-622143.8951 255376.5327 -643189.4328 337881.1128
-504342.1556 -712274.4980 -623714.5885 -733840.7832
-975232.6822 381574.9540 -932950.8456 336523.4132
-277830.0488 477645.2444 -581626.9892 663259.0689
95172.1009 804121.0531 76764.4982 828847.1811
-915674.0383 -772210.1056 -969854.2825 -802398.3876
-218544.0093 16289.9257 -248153.9188 -48467.6122
-258412.8295 999612.5084 565561.8883 995523.2719
-472692.6036 769436.2688 -248443.1612 709666.5685
-801489.6615 13656.5989 -662307.2670 175272.5649
-782302.3549 217543.9791 -866843.5621 -62998.0380
494478.7982 901857.8503 415285.3172 895870.2028
-454761.0088 551573.9207 -455429.4731 541540.2701
902750.7202 -694777.7742 834049.3432 -809880.8486
-68267.3599 -924173.6144 -74378.2534 -913104.8591
-458604.9328 -586259.1586 -177282.7872 -686240.6528
546948.9524 -942403.2474 791313.9461 -973071.4904
264736.0939 405709.3237 285836.7238 424556.7750
-572931.5910 241371.0513 -820804.3143 -14241.0729
538067.3548 616813.9051 539476.3948 576589.9732
372137.0728 193947.2856 295534.2231 91114.7991
440218.3949 403206.6626 471004.5372 402133.5662
479668.7834 400947.3439 402832.5332 250036.4909
720080.3579 481403.2713 735053.2767 505574.5552
-854836.8472 -7404.3351 -866843.5621 -62998.0380
159981.5006 365710.2250 39141.8386 345345.0669
-51500.6188 22433.2191 -6837.0654 82412.0546
39818.7652 372880.9751 68331.9316 389788.1507
440544.9973 -274748.9800 549089.8187 -212829.4398
576069.0199 984283.8596 786617.7194 987552.0199
270085.5744 -585442.0776 245944.5048 -595091.8073
-883042.5341 -500147.3358 -883389.1191 -300877.9354
-465393.2001 97120.3267 -463323.2555 149906.7465
-788267.2327 462172.4355 -815738.0522 355695.9982
224587.3323 -358322.3799 437669.8771 -216612.5976
-880559.8927 -403885.0859 -883867.0929 -270058.4858
292140.0291 -972483.3380 574003.4677 -968788.0973
-531256.4263 -242593.5431 -541929.6083 -248685.4426
370785.8156 -758313.9904 401899.6759 -748771.1040
381791.4550 846193.8735 433036.3125 847422.2800
501771.8599 967316.0215 563476.0155 977439.6925
-994820.8783 737673.4781 -979502.5517 -251827.8615
-374047.0373 343822.0895 -845265.9344 549828.2632
984357.1093 -383269.2907 986378.7584 -403489.5365
-365222.2178 393426.7674 -433171.4571 450248.0283
-596965.1017 884720.4974 -608310.4592 887761.4125
-383628.4103 -968609.7621 -467028.2450 -945231.0439
-137229.8740 -497516.2440 20997.4460 -246995.2331
826671.4236 -213752.2307 782058.0547 -276574.0598
684564.5643 420301.6861 306369.9989 499840.6271
331324.8498 899936.9970 295866.5872 905250.2905
594411.0850 -415392.9117 599198.8110 -406284.6129
986384.4026 -200740.4113 940354.7566 -306332.2510
162726.7674 -989147.1079 478989.7629 -997858.3649
-330864.3662 768141.2164 -355480.7250 761645.7785
543897.1958 -672369.7849 567608.2456 -714329.5418
-809232.0842 -181701.0025 -767701.7849 -147231.2582
-515156.1464 -299999.7813 -525697.5986 -318211.1040
-491710.9100 -900094.6653 -480540.9273 -884042.8713
-979692.5773 -980089.9112 -924515.2683 -944470.8294
-242867.6767 595638.8697 -170211.4602 404654.6754
-931691.1289 -886948.0054 -876982.2431 -861576.1475
829944.2958 447515.0402 861791.1488 428675.3902
979896.1092 920593.3861 989260.2886 734591.8982
242944.1272 943952.8919 162694.3109 840157.0499
-519860.3763 -239495.9076 -514470.1356 -241988.7124
-629558.3515 -751992.3482 -519226.5230 -769140.3909
-940910.9375 275946.7632 -983762.1524 380573.1516
-995841.0029 -385128.2174 -996901.1898 -563288.6271
-359609.6011 -565467.6588 -409917.9292 -583525.3358
-296137.9656 -903432.6230 -238407.0083 -895976.7054
362027.3087 -498711.3839 434919.7496 -570635.7781
562095.7534 335019.0217 520284.0581 297034.2230
222577.7295 292152.4307 271390.1536 259431.2539
535699.5969 494414.7275 287962.8745 559302.2403
-10165.4095 738066.1913 -109654.3404 762246.1119
-55796.0394 -49885.3720 11326.8936 3320.5299
-937542.0880 -113690.3701 -956003.1480 -11072.9413
489653.9331 -212808.4554 555483.8238 -187388.2089
316814.3098 -392014.4438 767621.6917 -86786.9823
-171328.0313 -55348.9890 -170569.4700 -41507.5954
-818922.1512 131150.6684 -791147.1458 200310.3725
-146329.4197 -810670.4713 -265712.6969 -823653.5612
-853214.8090 565086.1346 -910149.7710 534836.6843
-238407.0083 -895976.7054 -371245.2558 -907738.7649
-852973.2258 871532.3141 -827372.6352 851002.3893
631079.0953 -625908.9476 626239.0289 -597948.5425
-908038.4284 700921.6167 -852256.3007 704797.7386
-191149.1254 405905.2643 -218377.1716 435358.8356
-502910.8868 944948.4347 -175219.9930 894444.3662
949938.7542 -500727.2790 965916.6450 -659254.3596
966946.8971 -799480.2176 946774.4016 -837867.3323
-858661.1133 -758755.3219 -852888.6782 -761119.6899
-97242.6932 -548998.8615 152866.0990 -591182.5384
-382546.3446 141488.2899 -420588.1279 186904.1240
857555.5133 7564.0827 807170.3660 -14644.9189
165261.7477 528411.5781 -20141.0083 558867.7443
126670.8022 -56625.0946 5881.2614 -227259.4096
403991.6971 -648714.3682 6955.6501 -581777.0175
729163.2577 517223.2853 696652.1156 597749.8817
-928285.1533 874397.2443 -938888.9605 868017.1643
-575237.6801 875660.1039 -511548.6453 850450.0514
355538.4596 -458613.9858 509214.4516 -516030.2889
537693.6031 842269.1787 581097.1671 844064.8608
-132658.3413 746174.8920 -73310.1345 748381.9860
863248.9810 411462.1168 800113.2746 421976.7669
-988934.0636 -595645.3249 -993616.6233 -246880.7051
-485852.4741 -133896.4754 -428353.2983 -222003.6033
-800537.6738 858898.8655 -557722.2234 793620.3669
902750.7202 -694777.7742 916707.4266 -780828.5897
623889.2685 -6872.9745 504555.5952 -177495.0475
737755.8130 -788232.0046 755522.1424 -769383.1146
-65164.7403 793543.2267 41465.3950 776693.2316
-136090.6553 320585.3329 -201531.4687 388790.8168
-519224.1079 850757.8301 -477877.5285 829953.4286
-305112.1095 135687.8312 -276589.4977 209729.9159
502677.0996 -192406.9060 487006.7351 -204936.6232
-131646.9774 -927026.2563 -139362.5369 -929626.4509
-272594.6455 -152687.3407 -329791.4056 -171768.4129
729099.2408 773871.9170 759176.7864 758378.5445
-465706.5245 -752497.6457 -574657.1557 -758296.4983
-912803.2269 175185.6351 -917653.3123 145611.1304
481003.7446 82535.4730 423789.0672 60926.5578
-859518.6293 384119.1457 -842753.8762 339950.3036
164618.4924 453432.2369 199777.4118 464388.7856
934250.2200 979509.8535 865313.3735 936877.9801
-405580.0890 398451.5895 -696885.5814 536996.5474
606887.7303 276488.4238 668620.2595 236525.6786
980883.2348 -629453.0962 987250.9763 -435479.5357
374688.7652 991242.3737 184691.6124 977026.1137
219676.0011 26282.8810 200524.2854 -24261.9691
682044.1808 430741.1112 316560.2144 528004.5482
471090.2022 -178195.3069 478938.7079 -191294.3125
307032.1186 -598334.7870 261917.0150 -559464.3113
617128.8443 287133.4366 370832.5816 72298.9707
754755.8318 -998549.9981 740790.4048 -993242.6066
848604.4339 -524548.4293 877713.2155 -417221.1586
995680.1488 -841079.0676 992809.6032 463527.1499
289081.1760 -815249.9970 388245.0332 -758591.6050
-829191.3768 871776.0665 -775233.6852 844195.4666
-48559.5754 -438733.8557 -90050.4791 -460998.3310
-692339.3496 905469.9842 -571844.9157 844658.4486
555483.8238 -187388.2089 396180.0535 -270899.9904
300207.5406 -103171.8170 357815.3313 -90404.2475
-2936.4465 611283.0655 -330770.6156 692451.0342
-736035.0049 -686884.8232 -697548.5324 -710230.4121
-194319.2020 828167.4304 -294595.3189 872227.1224
-819612.4165 293289.6923 -816747.8983 327831.3502
-8119.4919 -593923.7054 -85799.8983 -584576.4719
330931.1891 714819.2798 453451.4163 725787.0153
11240.0803 -704033.4672 -213925.2260 -604449.5436
31663.8274 -137725.8471 -61378.3248 -270577.6678
-523955.0286 -261523.3907 -516518.5409 -279403.8471
-313945.9365 465597.2634 -425497.9279 517780.1904
554576.8763 -696155.7440 518868.1670 -699886.4326
-78682.4758 -675370.5675 -61759.8627 -685229.7070
-241173.5488 -565643.9031 8719.2034 -681813.9078
-231723.5875 629321.0324 -191629.0892 538686.6668
562052.0022 -300671.4034 463699.4492 -383499.3474
-517816.0482 513340.3090 -295285.9938 337659.3921
254707.7671 163531.9410 182265.4548 74440.8052
488656.5093 328237.9422 528148.5351 393701.1080
88355.1851 -63155.0106 359480.9783 250122.2499
601468.9789 -767538.7414 781087.6786 -683052.5189
-650470.2498 -54110.9937 -667870.9773 -33420.2848
362636.5323 538700.1832 -269698.0507 712600.9504
353194.5989 -708436.4013 156671.8811 -852977.6174
358071.2563 983340.5515 431720.8336 987420.7633
-866289.8105 -321779.2744 -835492.4435 -203314.6044
707416.1539 -95539.4062 784092.2056 71132.3152
-372567.7480 214367.2138 -442758.6650 200748.9974
586529.6393 -868476.5116 660862.6004 -824531.0730
-611627.0852 746089.8855 -237066.0557 656769.0352
-395953.0937 -480487.6683 -323590.7077 -435152.3061
581145.7595 -198310.5864 767621.6917 -86786.9823
34177.5282 510374.2290 20453.6006 549387.2824
808979.3874 603955.8970 680709.1911 720899.5333
233890.6101 -636388.2615 118772.4120 -607198.2182
491332.4557 279658.7793 439894.8440 217436.9882
-686705.7835 253047.6612 -638422.9650 401991.1652
895001.4109 533003.0197 829199.9153 684241.9155
-534919.4299 -465088.8273 -521841.3876 -460834.3719
524627.9667 -701479.2686 600518.6183 -733030.7804
-283873.3712 -62594.8798 -313955.9426 -70589.3592
-581458.4703 -92764.5144 -526049.3625 -75310.4522
489216.9195 -565593.3283 547393.6683 -582933.8474
370743.7608 -569731.4967 396835.4308 -588129.8538
-999679.6848 -972949.0135 -998337.9143 -865317.0780
-230878.5844 -721711.1094 -337518.0351 -710017.1946
-51200.9677 -393383.0493 -50513.1411 -379977.6219
-223334.7614 -583830.1926 -325046.9647 -550101.1379
-579861.0811 -197176.4184 -658121.5084 -249295.8974
206507.6570 122180.9724 352193.9319 301459.2992
-174022.5319 799472.5952 232364.8883 723723.5495
118772.4120 -607198.2182 175117.5890 -618473.6941
755828.5955 -604166.6493 790545.0665 -574555.7745
763363.8598 -286686.2379 697381.4950 -383674.9007
-155097.1910 808525.8546 -183361.7521 815408.1542
152894.8856 -439572.2353 111084.7987 -386023.5255
-38454.8832 -878631.3113 -26473.8665 -882701.4978
-541980.1925 -464297.9615 -483799.9108 -441110.2309
715340.0948 694148.9116 737618.5517 750700.1456
194951.9246 -536196.7707 138490.5953 -532573.7871
4912.0769 168768.2394 -188359.1726 124601.2601
-774685.5631 -422499.6235 -746588.6895 -256132.7508
-687895.1057 -752889.3964 -439069.4779 -739321.5561
-440863.1638 264576.2610 -348653.0432 282408.9982
745018.6244 -923784.7852 806146.9396 -983615.8221
-84288.9445 -468983.9936 -83827.1213 -500963.9679
849981.5975 -674083.8813 362366.9174 -899855.0881
-2756.3546 209099.7611 -63649.7293 195791.3113
-760611.7225 -917402.2697 -712977.5273 -935891.9531
-154111.5924 740507.2686 99554.8467 653850.6381
370281.2870 -132893.5828 525558.1160 -106960.8457
-653284.3573 -359260.5666 -665710.3276 -352420.1043
-872182.6917 -734812.9528 -843008.5661 -723261.2291
345516.2832 -712303.4051 227323.7758 -778827.7813
509034.8032 881282.7913 476622.0572 802087.9891
-999840.2076 -748773.7227 -996025.0889 26958.2464
47805.2876 -18524.5057 263124.1518 231020.7225
88876.3633 -399159.1467 65349.7696 -504305.6291
517511.7083 522450.8191 326564.6550 573566.2136
-114583.4022 355866.2543 -97912.1412 330733.7520
-204958.0757 23614.9092 -110186.3984 56506.8284
-774275.0741 -521941.7859 -793563.1522 -491004.7066
48078.7212 -483853.0188 19153.7692 -511060.0508
781662.8537 776008.6133 821902.1961 696741.8908
-687605.6987 826176.3854 -592630.6857 798954.6652
-513572.8162 917692.6073 -592286.1172 892841.6909
277393.5931 942741.7931 155655.5344 825210.9405
-908002.9254 544313.3687 -906655.3388 568568.8289
676035.2995 801463.0252 672514.7968 790627.6416
-812650.8651 570262.0665 -548955.8141 463535.3797
630521.2974 -5807.5075 570271.9286 -145479.2085
922754.7636 -890124.0991 870322.6333 -961443.4520
273476.3078 9381.9703 380085.8661 -39430.4305
-730113.6610 -993986.7342 -827663.5138 -984933.7526
710865.0193 103871.1234 575827.2522 86364.8232
-325011.9087 -349691.3879 -261753.6619 -326894.8944
556220.2831 660505.6116 668994.3741 617312.5553
-966221.6493 878932.9714 -753196.0962 717550.6708
628332.1450 -383294.8486 701607.2784 -283113.9827
784591.5473 533369.6994 906265.4645 468099.2712
656271.8245 451680.9152 806863.6607 404649.9861
764186.6891 110788.4646 731103.9915 71051.6771
-654383.7660 234007.6415 -572642.6037 245187.3469
-765090.9244 -891533.5552 -736803.2760 -849369.0753
83038.6104 269563.6544 -12925.9271 125030.3840
561364.2993 209002.3531 555000.9710 219867.2430
-133690.0073 -407874.5369 -110155.5839 -390203.3650
-247431.1996 795984.7373 -242165.7659 799625.4013
168337.0576 578996.9529 -107040.7018 644910.0994
468370.7142 -303151.0532 490379.9579 -280459.1007
389651.6369 600244.1120 346111.0234 602684.4291
149206.7438 -453872.8124 243688.3201 -513408.6867
-648327.1554 -912641.4164 -490077.5699 -808308.0575
-541980.1925 -464297.9615 -443679.1475 -436850.4931
-149241.9920 -216299.4255 -251023.6760 -347708.4317
111084.7987 -386023.5255 198289.1411 -465308.3669
-122140.3762 622618.9223 -277427.9462 659481.2557
-97173.9997 -297387.2100 -230354.2133 -470588.7876
-520926.1931 -214299.6958 -534853.6529 -230365.2387
-739680.9122 471880.6603 -623790.0735 445466.6695
-763824.2594 -391717.0943 -755162.9568 -412733.1076
-934268.0918 -32343.8301 -936755.3911 -38180.1675
-465624.3685 -564576.2108 -443713.1723 -562942.3706
962472.5260 884575.9740 956596.6405 958533.1356
167801.1216 -884807.5387 75856.3204 -901191.9318
90207.2171 -47432.4880 182558.4710 59863.5941
-198602.5508 -37666.1603 -136567.7042 36456.9253
-104554.6888 170847.5580 -28081.1459 175699.7125
-243389.5857 77347.4727 -201203.0638 100021.6541
-163460.7118 -501511.6418 -227472.0449 -539215.3500
-306902.4700 -303471.8510 -295239.9684 -290109.8552
-855826.4207 -402552.0155 -831850.2713 -405299.8814
-691511.8265 25907.7855 -599191.9005 125939.6624
582340.2152 526208.2248 549856.3444 615897.1681
119375.1380 826907.9816 -96616.8327 855870.9397
29465.1505 -664646.2718 11492.3708 -639672.5098
377184.3704 -843297.9711 114862.9549 -952910.6778
609764.4655 -673313.5340 661218.6934 -694710.0728
-648337.7975 -88266.9643 -470877.5652 -29976.7688
-811378.3440 -452319.9027 -781227.6550 -461928.9313
-335447.5012 888689.1521 -430425.0811 904370.2778
592602.6529 -958106.2823 368289.9099 -953901.7800
-253699.9368 -104009.4361 -327079.2364 -117317.5918
374993.5437 500633.6558 412483.0630 492217.1177
685989.9115 231510.2438 705542.4428 199606.4186
-315196.4874 454239.4933 -227417.3049 413979.0580
806976.0057 527126.2508 680727.6940 637843.3517
-329008.1735 -981034.0376 -373191.1242 -984945.8929
-645917.8239 88567.5329 -764414.7937 -17229.3503
436837.0941 261814.6127 511066.5332 388093.1709
-289074.1439 694100.5630 -535392.5542 757878.4584
-499583.8540 -736825.9489 -525237.1013 -720576.3135
-925721.2224 -432960.5045 -927427.5130 -576597.4651
795786.3299 -616231.8340 813722.1056 -581633.9013
-602241.5814 -153830.8836 -682024.1415 -237377.8455
-208237.5994 -733942.8952 83354.5964 -738501.3500
370640.4590 21221.4124 621999.1147 48179.3900
-643703.0188 -214486.1622 -678914.7805 -236396.2485
-136090.6553 320585.3329 -266871.7750 424867.0830
190498.0288 541687.7068 -116724.0700 619017.1534
886194.2615 -759518.1468 862191.0202 -785234.9814
321281.5779 128313.5437 287709.4706 82110.1855
-488801.0829 270006.5422 -505670.6111 348473.1218
785068.6223 -635363.8133 837888.8638 -473369.1259
564536.7612 503413.0608 -439643.6351 783231.4211
159981.5006 365710.2250 74114.6933 404075.1338
912094.8750 -119252.9737 903925.1088 -117131.7572
930212.4699 469759.9433 959270.2118 380406.3916
-108194.3189 675557.7229 -367450.8197 736852.7884
219113.2284 941934.0999 114233.7708 805159.9167
7369.1579 87809.1100 51640.3034 78918.9512
-229022.0251 29939.5871 -550288.8086 -125113.0951
-119676.7814 -784983.0114 -542187.2024 -797486.0748
-992621.7163 -271.9760 -995444.2646 338234.7015
-868542.1877 -3085.3049 -791147.1458 200310.3725
-972644.1049 415930.2815 -907059.4415 345652.2502
214077.4573 914229.5654 176271.9139 873348.2716
217675.9745 -387729.3419 228460.4706 -447841.2244
733048.8228 941760.3880 618522.7162 945182.7923
-432783.7152 679203.7957 -322284.7611 650569.6811
19.9699 -235200.4783 -124509.8918 -422714.0869
355803.6887 623369.8664 311174.1285 639186.7083
77600.9004 -653989.4598 90836.5461 -633770.7519
230691.3041 -254791.6238 295038.2491 -186367.2781
-522414.1150 -150297.5768 -502343.1908 -266677.6428
-913096.1200 -104886.2134 -931232.0244 -93265.8735
465010.9027 -228004.3102 457526.1328 -236969.6588
-461139.3165 -336467.9816 -587235.1715 -326539.2218
-948265.0564 -153256.7402 -950387.0375 -192614.9539
-981524.8732 996280.5465 -978654.1985 981752.2500
298573.6366 -275768.0811 253477.1863 -303601.3228
195989.6547 334186.8664 198003.5468 333954.3520
-804870.3757 835137.0346 -404025.5091 733410.3487
475988.3723 137273.2396 533724.6263 165904.8283
149757.8198 -168566.2557 431217.8467 -82112.5956
-241905.6287 -412417.8207 -249603.1031 -452934.4621
-544456.3130 498009.0448 -566010.8186 493226.2182
-614601.9828 -709806.0026 -611174.2180 -714753.8788
-179119.3931 557739.8303 -161204.1842 597968.4275
-105013.1160 320446.3508 -109505.5727 336222.4797
155655.5344 825210.9405 140988.5174 806365.2177
209200.0364 -444195.0886 196604.8718 -425198.4349
189037.4844 -929059.3598 36772.9513 -993384.3344
-174410.0396 -631574.6719 -93160.7467 -663299.0888
-363427.7710 434875.1719 -416266.2889 472063.8092
-563699.4547 -224297.8399 -516518.5409 -279403.8471
539425.9427 286686.3180 535464.8963 278371.8446
-269559.3589 -842773.4833 -239997.0230 -845343.3971
-425074.1458 515082.3120 -441362.9432 529654.8092
-651540.4675 601481.7861 -473997.0998 488267.9860
-633962.2694 657211.5809 -577118.1493 613035.8778
-710913.2101 -316962.1124 -748719.4445 -349478.4944
731195.2214 -878377.5161 802123.3331 -876385.0436
826179.9917 -846532.3590 812495.1123 -856355.8660
-709415.7121 -835053.8671 -990870.7672 -875936.2704
-136301.1936 -218901.1427 -140892.1388 -228990.5910
-405403.2540 -414984.7622 -399839.1464 -433500.0133
482405.8756 -738325.7214 553024.4756 -609151.8912
943853.1752 525596.5564 940794.3050 675126.1869
-286549.4376 -337233.3788 -256539.6311 -367900.5489
769978.8179 -199231.4328 815916.4060 -108842.2296
39108.7499 -389764.1085 113305.9866 -310495.7592
-84552.3878 379123.5912 -85005.7195 383939.2219
-785373.7852 -56957.3230 -567077.6976 126960.2487
528038.9647 -606147.7772 473191.1501 -659928.0287
373268.2106 -942493.6117 533595.7407 -948370.8735
-164754.9770 432004.8319 -231864.7851 607880.2504
-517521.4179 829975.2987 -432195.2661 795590.9659
684151.9068 -485206.6904 669024.6400 -507687.4612
975244.4355 -575734.9071 984357.1093 -383269.2907
185931.8611 947468.2131 -108782.3559 952320.3721
-980973.0966 -805264.7439 -988730.9552 -58985.2815
108008.8309 91065.4730 3989.0153 -46247.4854
620589.7861 981930.1206 686006.8953 976508.5210
-64948.6241 802558.4748 12850.1599 793401.5538
311861.1966 878684.3723 497108.3945 874344.7069
581097.1671 844064.8608 562443.5658 807432.3899
822389.6075 903773.1232 841395.9195 914845.2383
931975.0485 157972.0508 949570.1933 260215.9582
-801616.8467 817093.8305 -856436.3973 834082.6205
193735.8417 -799760.0249 -157619.1033 -828540.3379
-471937.1248 -522265.5776 -398633.4960 -549737.0215
-356750.9402 85285.5260 -454511.7169 58998.4741
-299868.2334 367753.3958 -482099.4418 492653.0719
474305.8077 762803.3362 538785.1348 814834.4286
25235.6717 -545616.1973 45933.9078 -488045.4446
710320.2711 691500.6254 633623.9139 739721.1595
191320.7626 246653.9503 255861.2531 235947.3991
350673.8056 -115174.1031 487976.8092 -76254.3997
-145691.8551 599683.6795 -151609.5411 593569.5287
651345.8974 -38976.6995 648966.9583 -34078.3913
-135175.2598 323327.8459 -164754.9770 432004.8319
-626000.5562 28983.4299 -637875.9433 5186.6470
-420373.2309 505810.2180 -183709.5747 336656.8236
366374.8369 446781.9753 328017.6327 474523.6796
220481.5599 736835.1781 196033.5945 733551.9878
-64642.4076 -537277.4066 -161934.9013 -524871.2450
-269559.3589 -842773.4833 -383286.5529 -848018.7360
-26305.0953 -758980.4535 -135967.3205 -760051.4953
-297630.2660 -708413.8995 -388246.6009 -679005.0221
-490077.5699 -808308.0575 30435.2788 -811333.4201
-658791.8434 -553614.8494 -656965.4337 -598489.8500
-443679.0780 -643868.2402 -463894.2022 -640123.7562
161610.3294 518670.1789 128439.5960 513923.0321
304884.8335 -450871.4282 339227.2735 -451908.0922
-424723.5900 352493.2497 -4169.2561 226907.9038
576069.0199 984283.8596 461406.7596 975331.4700
211633.8243 838226.2925 236322.9750 884028.2694
827320.9722 9048.2618 896618.2280 104339.0895
535464.8963 278371.8446 461069.4945 212057.7059
-934123.4791 -710529.6023 -920884.8375 -684992.2334
-746141.2604 -581474.7799 -650186.4488 -691392.6581
-448428.3443 440864.7881 -646856.1595 559424.9275
-457486.4211 -736736.8375 -598968.3670 -465355.2522
-349924.2136 -78146.1914 -366454.9567 -117883.2604
741887.9602 -804864.5941 797633.9850 -758221.6137
926200.1914 89524.5621 870093.2420 56697.2121
-705314.5509 93634.5137 -729797.1658 79325.5647
910486.8188 876080.4050 847363.7980 817085.1395
-783963.9943 -376198.7992 -782510.0362 -458774.4480
-685232.4998 -860598.7129 -675929.6769 -905529.2511
717937.0082 -114754.9171 767621.6917 -86786.9823
753537.7528 -815307.4467 797633.9850 -758221.6137
11979.7459 -297553.1650 125714.8473 -106124.6055
-853276.2584 476150.8025 -823841.2280 316547.3366
-247740.1222 848942.8142 -283078.0373 833018.7468
-363847.6022 979018.7232 -51508.9727 986229.6226
565325.5219 671098.3532 652837.8758 624164.9570
34994.9702 618806.2254 167925.7397 586641.0602
509805.5383 902889.7203 562791.7492 863774.3599
-485953.6912 -679669.8398 -456127.1001 -713338.5853
-629571.7202 -935584.7493 -612988.4552 -916419.1025
-259748.3644 717800.7120 -551319.4867 788931.4560
783407.0769 -187170.8140 818471.1700 -119238.5142
-54031.8299 -978405.3232 -13121.2435 -992906.5487
-627948.4408 50110.0498 -652048.4473 31482.3592
498165.1177 -86298.6162 504489.2579 -95520.3075
842775.1336 82309.1973 828392.2223 20771.6235
581960.3585 249028.6542 599515.3822 229968.2518
455523.6562 690133.2839 478901.5312 677875.0969
358485.3598 -75059.4467 325090.8527 -60546.1221
-256854.2674 171824.7624 -225120.5331 178417.2697
800181.0556 -914830.7535 804283.0732 -892757.2554
139593.6409 -352614.7097 184013.3465 -424178.1295
579893.8898 -443933.2305 574325.2345 -438300.4181
679368.1259 -723204.0349 900730.8741 -631474.7755
672495.5632 778478.8057 599116.5967 822403.5088
-678094.0529 -341902.9873 -665710.3276 -352420.1043
-292560.0726 -381519.1087 -301634.6548 -467410.2540
-491551.3632 -587258.8674 -445639.1145 -617922.9098
810393.5059 494477.3669 741218.9304 570769.7280
12413.4077 452803.7184 -166883.1237 506972.0707
995118.6803 -36948.9171 998071.4208 -476593.5139
133552.6823 154798.8369 94133.9515 82866.8569
-256600.4670 674592.0734 -289074.1439 694100.5630
-67446.0446 320661.5176 -141517.3787 300820.0237
-768546.1043 -323845.9803 -779101.0517 -222710.4037
-389066.7635 -552064.9428 -474354.2563 -511402.9516
673335.5404 117488.3234 631016.6671 147480.2029
-385011.9112 -660919.9605 -236333.0873 -670211.3549
265817.9789 -353919.4967 360163.9267 -306708.0591
268691.0145 -922239.7970 423889.8070 -858001.4832
741887.9602 -804864.5941 756789.5802 -811017.9853
718790.4367 322569.6986 703501.0684 333064.1390
-77453.7531 -795769.8815 -295605.3280 -790841.0135
823918.3110 -522252.1662 934093.8455 -148313.5283
935929.8547 102204.1689 956820.3451 75127.9977
64070.0762 909622.6099 22189.5983 915406.6609
509214.4516 -516030.2889 439466.9986 -489311.7681
-276469.6202 -485949.6204 -267243.5162 -422135.9144
354948.6489 631596.0552 371628.1692 626574.9828
555759.2247 639341.5883 624656.9137 577144.5877
915062.6589 -9794.9915 971845.8543 86326.6376
-575122.2902 -193072.1319 -596197.1760 -276225.2750
755422.5137 958791.1213 870178.5713 983092.7862
-373169.7233 917127.0446 119375.1380 826907.9816
586128.5338 -433504.3689 630524.4424 -406570.4390
-820681.2983 664397.4093 -827989.7208 636977.6736
-9311.4353 743966.6592 -118852.0120 780239.4134
469337.8447 -266787.6732 308071.7042 -388082.3780
-447570.9237 -177119.6282 -460571.8753 -151391.1672
-418172.9599 -86082.7423 -383175.7435 -64879.0131
516810.9387 -532010.8150 449091.6154 -513251.0216
327649.1941 700851.2508 389502.9144 631867.4141
852695.1559 -985409.3501 840538.0234 -933772.0833
637774.5712 137444.4298 629581.3926 141301.9096
514773.1911 -436070.6199 422745.4866 -469792.2571
722546.1806 -948725.8340 758967.2866 -967884.5454
287068.8189 284035.6835 199192.5288 375278.6598
-997258.3500 903874.5115 -177669.6296 308782.5298
-738929.2911 45907.5372 -670825.3615 95682.2125
963867.8669 522497.2289 992809.6032 463527.1499
335701.5285 -636167.2343 150156.3453 -604504.1675
97930.8320 749702.6735 232364.8883 723723.5495
156402.1220 206962.0581 169995.4039 136072.2792
545139.6839 -319918.2834 568922.1693 -317168.0258
265540.8529 842173.6783 270741.6594 842540.0996
-709270.4507 882659.2147 -811528.6004 959863.6425
19825.2109 -922186.6973 -98752.0871 -903130.8859
-695464.4053 428204.8271 -747650.0320 421396.6206
-787668.9318 -10960.4657 -917501.4230 -164145.6869
-348262.7384 748237.2962 -592630.6857 798954.6652
-538130.5399 -671417.1537 -570789.7101 -590471.4426
-66890.2576 -543389.7359 4080.7498 -458272.8485
-200941.1233 413288.7190 -244957.6003 440102.2318
368693.2668 346033.9718 342604.5024 361013.5758
835217.5744 -902354.2080 795886.1712 -916706.3316
729099.2408 773871.9170 735587.9747 785711.1975
913342.3967 -85399.1261 757811.7603 -308906.4872
-695413.1734 -880490.9122 -686914.2411 -947792.7559
533538.7170 -226118.4065 320774.0393 -339649.4407
824341.4284 -246112.9416 665254.8117 -505527.6442
-127081.2511 712582.9676 -243067.2702 738430.8623
-941591.5222 -608072.5947 -944412.4832 -426883.9806
23991.6307 -131304.6310 -97173.9997 -297387.2100
-620168.9632 -594917.1061 -609237.2906 -430008.6949
-319717.5891 609051.8049 -297543.5456 550151.4410
697203.2990 -354815.1157 671117.4377 -425272.5458
-364993.9140 558597.9443 -315836.1758 560286.7293
-43209.0379 511295.1076 -34658.8052 534501.3038
-994379.4282 12472.3950 -998088.1066 -753932.6754
-738662.6185 -719254.8447 -669341.5810 -739893.3046
-64948.6241 802558.4748 -47745.7937 820624.1212
668994.3741 617312.5553 489133.6531 687725.6496
-308657.4542 415503.1461 -411006.7050 492180.5728
425508.0446 315384.9045 305116.9414 151048.0771
430496.8838 -207928.0950 370154.3847 -241906.8882
-510869.0674 146589.3796 -484891.6455 139102.7575
191346.5295 808567.8493 208441.6997 807267.0060
585967.2883 -161371.3513 908661.6654 13190.9309
444925.8053 -990716.8994 675575.5562 -992544.9688
-844159.5826 -557267.3386 -872524.9631 -645244.1776
147745.3344 729046.7181 72586.8867 731400.9029
-491346.5272 752805.6835 -470372.7484 743131.4326
472949.1690 -653234.2835 473191.1501 -659928.0287
29381.5191 283476.0784 16386.0762 321547.2602
-168052.1987 -144566.9350 -187692.6591 -178901.4502
-37827.4877 956740.9604 -523421.1119 968203.6546
946516.0748 -451785.0376 984357.1093 -383269.2907
-823755.7172 740508.2882 -961414.7721 859440.0743
-955269.5180 -198375.7624 -951186.1874 -130513.0978
847354.9314 -36922.4342 833344.4419 -73040.3177
691618.9570 766506.6873 685115.0350 777466.1453
168037.1824 503551.7950 206135.5193 532564.2354
-791981.7320 -159037.6265 -734673.2553 -117107.0003
120537.9778 -351155.7011 248231.4875 -262616.2225
-443037.9395 218425.2439 -372567.7480 214367.2138
624525.6912 -406959.6150 701607.2784 -283113.9827
-152137.6137 -924005.9731 -68267.3599 -924173.6144
281974.9240 -931354.2807 213944.1558 -946975.0475
-828169.4975 491958.6365 -833863.1939 419212.6275
-894515.9790 -898507.5118 -792167.9664 -858122.9453
591153.4246 512777.0249 432461.3996 562980.0505
-691924.2606 279414.6138 -749955.1723 240770.2742
185757.5093 763458.9368 208441.6997 807267.0060
580171.6298 676793.3848 526037.2421 676842.8757
471004.5372 402133.5662 469662.8065 442504.8620
384457.6872 -401993.1621 318931.1120 -411211.4143
-580962.0129 106318.0336 -877154.6345 -145873.2977
-245720.1559 -278107.8993 -241200.9042 -211114.9963
526743.1911 276674.7028 451034.5966 205174.9445
-733363.9686 526585.6572 -892997.5662 600202.3894
72530.4656 344215.9911 96999.4643 342596.6180
-191129.4499 716743.6455 -499957.5617 842281.7579
349184.3180 203094.6912 259317.7411 63990.2043
589845.3016 917433.6945 651839.9886 905440.4996
-620945.7192 -960537.5026 -705893.6880 -948928.6813
495548.3745 712488.6871 551149.4896 708703.7500
167801.1216 -884807.5387 -38157.9681 -898450.0458
221981.8290 949770.9994 142143.4308 913586.3809
-50932.7264 -919613.1048 -94006.7021 -936344.7099
377184.3704 -843297.9711 269421.3002 -885773.9031
-323590.7077 -435152.3061 -305567.3746 -427264.8317
756663.9189 619908.1919 858611.2978 558623.0144
-157938.0419 -940459.0659 -227994.7788 -906053.3759
28599.9757 -591804.0603 403991.6971 -648714.3682
5420.9869 706064.8170 -9311.4353 743966.6592
-927682.7527 -641650.6499 -927427.5130 -576597.4651
-992621.7163 -271.9760 -994643.2286 152867.1189
420517.6602 738185.1070 256155.5275 751724.4577
506777.8534 -496647.5605 564004.0614 -540295.1029
473691.6663 738701.8239 479848.7694 737594.1723
-58040.5711 -55577.8556 -27454.1117 22012.8533
-198421.9059 425353.5719 -435058.5592 565925.7076
-648039.7485 175499.1550 -572931.5910 241371.0513
-219453.0194 -461827.9782 -97173.9997 -297387.2100
101401.1528 59718.0385 263124.1518 231020.7225
539574.7267 351154.6814 436400.1070 197775.6003
-592632.4631 439808.6531 -892997.5662 600202.3894
-478096.5715 -69642.9972 -109404.4093 110400.1054
-446654.7979 889517.3123 -466118.2151 867116.9989
-844494.7664 246282.3333 -873477.1528 53595.2163
-365387.3010 944334.5905 -232053.8039 942501.2274
-915136.2143 236855.6159 -947920.5622 240161.9581
783368.5868 118078.6727 838868.2054 277651.5659
-147683.1523 -176525.0925 -178587.8201 -235854.2890
-65677.4372 -118185.9601 -67225.9150 -124936.7854
-108194.3189 675557.7229 -383280.8270 746719.4581
-501846.1307 -232428.1123 -506125.5030 -185387.7081
-668629.6548 240588.2114 -744589.1460 137088.5350
964295.3087 492451.4940 963283.8901 526215.8902
921133.4087 -757695.5006 943837.8360 -658377.7590
419306.4002 -52718.5201 337964.6452 -879.8462
-782613.3603 -604642.0261 -812475.9978 -653164.7081
-148841.8814 -322612.2087 133501.6853 3297.9523
913268.7401 371550.2571 610387.1014 453973.6431
506743.5975 -414357.1471 248164.9196 -441771.7415
986378.7584 -403489.5365 985245.8032 -322475.5189
-590677.8746 358273.5439 -629382.7821 286586.1876
-813706.8025 -122772.2660 -731721.2778 -69116.6752
-54383.6742 994662.8000 -195996.7211 993553.6842
-660012.0758 -805716.4527 -458110.7675 -780993.8225
-691085.5080 -949102.5592 -695170.4963 -886123.2173
574956.8673 -239667.4976 695649.2648 -144984.4675
-763747.5235 -644894.8773 -746606.2981 -701553.7446
-72464.1328 32626.0752 -6837.0654 82412.0546
669024.6400 -507687.4612 640167.1597 -540009.8393
-335447.5012 888689.1521 -274666.5379 846531.9475
503014.9970 -480685.2405 479705.7755 -472434.8000
402960.8041 -846979.1572 389046.4827 -863022.4673
189612.6601 40347.8611 237921.2054 99320.5505
-174287.9215 90181.4911 -779322.8267 -158860.7066
-879575.2338 267710.6839 -915136.2143 236855.6159
-418310.0628 -382611.4104 -334065.8771 -357960.9914
-110155.5839 -390203.3650 -113406.7885 -379092.8240
-70222.4311 168066.3960 -195901.0986 127066.8862
964784.8134 713972.3634 984512.0776 561467.5589
837947.1042 351335.8052 796269.0107 265978.8368
499689.4369 68617.2441 703318.5010 96049.0712
26282.5349 -416660.8941 25293.0836 -476674.3167
555311.9829 509602.3662 594917.0970 483500.4052
722546.1806 -948725.8340 718538.5421 -932270.3447
21404.1440 -994489.1687 900730.8741 -631474.7755
-271313.1641 -868759.6257 -143757.4636 -850433.6718
576763.2136 959357.4370 442111.7537 957512.8399
-893086.4097 623626.9376 -890450.1395 619058.9633
640148.5889 -728450.8132 376992.1796 -825334.2288
36772.9513 -993384.3344 120312.3994 -974310.8690
517635.6286 212096.9787 365498.2008 105305.7322
370143.4863 -416691.8816 347219.5388 -425263.3711
487862.9757 551279.3766 417121.2455 574719.2545
751374.1347 -409500.0173 767670.5489 -387154.5591
-92138.4285 -987938.3701 -13088.4711 -999603.2964
354483.8796 -639803.9553 302840.4140 -618894.9450
291643.6067 -672625.1262 403991.6971 -648714.3682
-900540.3724 989883.9861 -930802.1796 988442.1547
691029.3675 241713.7456 729389.5847 316159.6160
-658435.8912 -433840.6092 -651996.7020 -574375.8571
-639114.9160 910519.2002 -573399.7448 921975.0503
-43132.2312 636058.6014 -499957.6689 759733.1441
-38454.8832 -878631.3113 -199128.9146 -901603.7595
66534.7332 -523887.4289 62307.9260 -472115.1951
-777410.4034 476396.1035 -758336.8709 488673.5488
951866.4251 -635492.7982 864608.1126 -615470.9400
-641893.8244 397196.9389 -712317.7528 351097.1142
691029.3675 241713.7456 722525.7531 297714.8632
-816150.0691 -454564.6683 -829981.5416 -372622.1876
315114.5027 -417545.0517 347219.5388 -425263.3711
867041.5227 751755.7033 819308.7145 765850.8929
-780757.0024 875586.1034 -887976.8424 934330.0674
-565713.4394 937324.5802 -618197.3541 932800.6842
-129812.2150 362503.5102 -84552.3878 379123.5912
-981524.8732 996280.5465 -900540.3724 989883.9861
270085.5744 -585442.0776 215202.4911 -582221.8076
86881.8272 252532.9686 177246.8935 210567.3951
669657.1262 378629.9790 451609.3135 194065.4882
129407.5439 -304925.9988 140534.9718 -285617.9143
809795.2564 -788343.8765 798302.0022 -827557.8114
533724.6263 165904.8283 524329.9285 141234.5645
-794486.2871 467810.0867 -668647.4685 446438.3279
745018.6244 -923784.7852 769550.8619 -957137.9191
703717.2207 537349.0631 791474.2746 466421.8873
-390718.4189 -61440.7961 -286521.6346 -3851.4095
-773585.5242 -617826.9233 -776696.5895 -618519.0279
644345.6387 -577940.8304 683603.4701 -540391.2757
86881.8272 252532.9686 122278.1886 214349.2176
324398.5767 -45189.2633 243465.7779 -22014.0384
684001.0155 39782.7137 673108.5629 66265.8289
949713.4850 150580.7269 979050.4066 244116.2983
-103421.0102 -243720.3943 103802.7624 -14129.8781
46347.1138 279670.2072 56747.3608 309662.6864
-252745.8818 101312.1587 -373927.7724 70980.2542
-603417.9797 -396924.7018 -737664.2148 -209572.2310
-443196.1035 -991218.0117 -578142.9873 -986241.1288
538429.0726 507885.9790 289613.7392 575885.2131
786853.5698 715726.9411 789744.9543 698450.3397
-580089.6795 -61977.3860 -571485.9983 -40749.7634
-125108.4869 -178379.9579 -110274.3330 -157343.1081
-835492.4435 -203314.6044 -816762.4438 -228032.0158
-525546.1732 -84400.0036 -384533.5227 -23436.9420
88876.3633 -399159.1467 70148.1806 -552413.3050
161087.1427 -169775.3385 487976.8092 -76254.3997
169337.4626 -237706.1990 229282.7506 -215439.3671
-845265.9344 549828.2632 -910149.7710 534836.6843
-214990.1967 942976.3023 -178172.4872 951959.5329
135978.4127 -997406.8687 162953.0416 -990356.9465
47417.9904 -276128.7126 144896.1509 -128364.7642
-251688.9161 -971445.7395 -369876.9570 -916695.7903
-236308.4645 867006.1637 -391007.5530 901513.2973
971808.4150 116859.8450 935929.8547 102204.1689
-193301.5109 -873144.8476 -111808.3968 -860762.0933
-602590.3714 -243795.9859 -607013.9670 -219888.3020
-821795.8730 994723.4149 -551291.0783 998116.1438
-389341.8806 52173.2528 -484969.1103 5206.8500
107181.3579 134506.7233 134516.6555 201180.9195
-135290.0302 321470.7803 -250556.7759 526992.6260
-319835.3391 537528.9089 -279366.3512 535374.8062
959270.2118 380406.3916 62011.6451 609393.2662
875444.3338 198153.7545 899065.5079 248787.1935
-292231.2739 579320.9404 -263575.9791 517762.3899
-988334.7215 -766794.2425 -999667.0939 -773050.6556
254446.5551 28177.9906 385781.3452 117605.4748
789207.4736 -241921.8510 979932.6373 83704.8324
-395156.1690 958060.0158 -400894.8191 961869.6164
-290708.5101 982292.3023 -547237.6458 981884.1403
615951.2053 824814.1186 509805.5383 902889.7203
773394.4559 -345019.5781 761584.2867 -366775.1322
469259.8429 -83099.1054 477614.9877 -110898.2555
47956.9891 133153.2121 43642.5687 163693.0395
850516.8435 -555461.2483 812772.4682 -659866.7708
65768.0060 118004.4706 77106.2218 139158.8152
-907048.4551 275090.6908 -896987.2428 328322.8690
975247.4334 899907.4534 977656.6713 861737.7510
-280756.0327 918640.0633 -200693.9770 915909.6384
37669.2250 -288558.3713 173109.7080 -33719.8296
792445.2573 413310.3343 591271.2301 473195.5730
708875.1694 -310260.9513 762348.1543 -202361.6428
541571.8588 170249.0965 460072.3139 137110.2220
436847.9876 -670260.9224 414900.5151 -679796.8396
-668694.9658 -633575.7699 -725365.4343 -598985.6426
-836334.3976 130732.4162 -805700.4373 174090.9488
-539247.9504 -313192.9497 -648119.2938 -318194.0486
637126.6226 -449077.9765 673149.1001 -378795.3969
292814.3806 274557.7578 194298.9090 327314.0744
-834921.9982 -547856.2278 -784556.8953 -584618.9050
667625.4105 -498308.4631 602055.3079 -575861.5747
817578.6571 -759382.5093 776785.1834 -812674.9300
-100898.2309 224210.4261 -138650.3431 233636.8941
856341.1369 851979.7731 852343.6455 867677.9069
-149114.8050 -96895.9450 -99985.6727 -84867.4017
384509.6369 573328.8992 43141.4154 689434.3265
-751510.4276 -46376.3298 -764092.2126 -67054.9794
44872.2526 630529.0906 -130102.4183 679344.4459
29399.3285 319917.3882 170356.3670 363730.6628
560676.2501 705879.4455 561036.1535 708665.6227
77600.9004 -653989.4598 93332.7143 -638223.2329
-94849.6894 -769435.6976 -40666.9043 -791596.5852
-257039.0034 148078.5437 -298096.4791 139429.5136
-489970.2607 -540710.4178 -487018.5182 -542351.8153
232364.8883 723723.5495 147745.3344 729046.7181
517129.6734 552216.6923 426740.6714 576745.3402
-140454.2091 -666983.4234 -97529.7361 -664019.7985
-606436.3107 -918660.2214 -535015.8015 -849470.0383
138345.1522 -267982.6804 136427.9933 -242706.3541
549856.3444 615897.1681 596984.9540 540197.4183
-335203.5971 802631.1655 -204605.7243 759380.8555
152379.9087 365374.8754 -51689.9606 353387.3627
948874.2291 162114.7795 948105.3004 143769.9706
-262929.6378 389991.5952 -250707.6124 383409.7642
156671.8811 -852977.6174 313345.8683 -744536.6597
292814.3806 274557.7578 158097.0661 398879.1045
53311.8556 -829505.4949 62588.3228 -826550.6877
418876.9298 380723.0247 430288.4253 388208.1650
-497643.8100 222537.6129 -519260.8515 225468.9128
358801.0949 -565795.6391 409056.0344 -580333.9326
938545.1505 992819.0408 668135.6053 987841.3361
741638.2394 885050.8806 747345.6875 911776.7735
604685.1763 -489515.3679 710476.9900 -301625.1180
-679413.5762 703492.2940 -566417.3440 632154.3377
190498.0288 541687.7068 80635.3814 581449.4094
6620.1295 469009.4269 -39645.8223 497615.2135
531498.5850 248700.2518 417470.7060 162921.9821
-15751.8085 358453.7285 -55991.7481 358068.5147
160591.2004 756532.3233 127898.8968 761212.4821
266204.9617 47597.6526 726848.1613 402723.5954
326198.9457 275021.6116 23227.7371 -59621.1288
486592.5217 -317260.1527 499566.6242 -337598.2762
-649819.2936 -182234.8529 -653257.6091 -138001.5083
-940974.0143 963547.6825 -781814.5369 890573.8751
-33937.0363 682444.7162 90965.9741 648983.1413
-442154.1728 992301.3119 -54383.6742 994662.8000
-578002.1496 -196979.3584 -658121.5084 -249295.8974
-498979.3653 -28730.3442 -409573.0167 35440.3307
-2363.2179 691310.7861 -154111.5924 740507.2686
57890.4184 -502224.0163 60361.7259 -553948.5915
703318.5010 96049.0712 684389.7117 -6085.6414
466627.6371 452702.4567 428742.9517 426280.2486
-843502.0649 -263532.3173 -848290.6853 -351340.5171
811474.4995 -927776.9021 808148.7311 -974990.3746
902281.9343 -837584.2367 960527.8969 -878173.2412
598927.3265 -249055.2018 644444.1116 -302538.1635
-623259.6294 -123054.2609 -622909.1194 -122888.1094
-511451.2852 368895.0322 -435355.8287 331299.7757
-89398.4678 279438.8907 -141054.6880 273377.5281
-613065.9027 229066.8114 -654383.7660 234007.6415
3989.0153 -46247.4854 263124.1518 231020.7225
