1000
-915457.6957 -677009.3771 749478.1081 30529.4637
684840.3222 665801.4205 -20687.0609 433599.2960
628543.7939 510302.5796 -200601.7548 147108.2934
777711.0469 -919716.2205 204821.4281 -359152.5224
-634368.4720 -112995.8482 -430100.9804 -22917.6088
71772.4445 -650523.7784 235551.4828 -467910.0262
-672012.6656 -812920.7159 -221415.2598 -432022.0626
82879.6785 125279.9766 -948321.2846 -623659.1428
-420622.0643 -210060.7322 -339281.5136 959149.2383
250350.2052 662718.6916 640334.1706 957470.5241
-63421.3142 -869569.2302 610403.7034 -990631.8923
129923.3604 -315050.3534 653328.4442 -906517.1082
758573.9379 136315.3689 918663.4313 -132340.3905
260032.3960 -56221.7341 247711.7268 53201.9497
200212.8600 590864.0742 122943.1476 533463.3471
793668.6736 -612663.9770 830892.1640 -164846.9949
-670488.7308 -43439.5719 -889123.7926 863741.6879
-275781.3124 -88166.2300 -160910.5489 478533.0220
988235.5358 -588767.7913 629930.1937 398801.5510
165684.3203 -527211.3988 -159376.2471 -771020.1970
579494.8044 351554.7303 666454.5520 611390.8025
348947.8423 564173.8687 748474.9199 782637.5572
-75794.8901 47768.0514 544218.4192 377285.7169
-150146.8351 -153990.5736 80500.5426 -15303.9949
933853.5636 -135353.6782 958470.7613 509197.0096
-783435.9858 -59930.7744 -858112.1772 32282.9663
479974.4985 -933886.9135 500972.1993 -951610.7996
804623.1385 -509114.8955 987742.7987 -763342.1383
-221415.2598 -432022.0626 -665342.5362 -999454.9669
-845452.3426 226510.6751 -982907.9962 761935.3674
-929037.7464 991660.5159 -525843.6862 450248.8228
822668.9645 -892175.5008 764571.4903 -455430.0274
444756.9390 258316.1188 -174863.8101 -67682.1749
-333211.6994 -722414.3765 -134625.6404 -665567.0604
-25747.2576 577941.7917 -302225.2149 909446.8583
-428677.3496 -759278.6369 56736.9640 -977477.1194
884359.4811 -999210.2840 463929.0692 -332737.0225
57913.7245 697831.5057 -163359.6062 217408.4515
-777257.3043 925043.3363 -431672.7701 756132.8157
-711203.5508 535698.7522 -698693.9271 230299.1380
587210.9032 668059.2219 703691.3020 669709.7099
231913.8823 -210512.6951 478836.3686 -124929.6059
-565704.5687 -48763.9346 -446627.1157 551096.0429
880946.2594 338642.6660 882391.3043 738287.0019
-321311.4819 61697.9233 -315532.3218 87334.1421
-728988.1374 642620.8600 -545831.4727 456305.2842
-952160.7187 60987.8595 -735616.4518 -149871.8150
-117810.5255 938956.6265 -368387.0022 962965.5207
-76751.8758 -224125.3725 136415.3886 -178898.6312
-76751.8758 -224125.3725 316561.6872 -40367.8803
152275.7141 6075.4218 -301399.5394 -329683.9546
-273908.1199 439594.4301 -301504.7381 382102.2849
-151523.5797 -889483.8242 -517812.7738 -820075.5000
-763982.2734 705294.6425 -871133.5913 802853.3518
675087.1448 280012.9411 655876.2199 332270.7545
173032.8418 122880.4854 550273.4014 317287.3218
726730.9814 -31131.0617 525790.7627 -148233.4360
798947.2448 -282354.5190 684146.5264 -467169.1381
-632430.7679 -278176.2791 -811415.6178 -611.3080
252001.0656 -373320.5592 185955.7547 -222273.2191
682227.7498 -784529.7575 560423.3315 -518887.4750
-992359.8647 -817522.0716 -934854.2737 -614428.2370
-275084.3439 284055.6198 -407833.4910 -35068.6855
-824896.0824 513063.1265 -775162.2420 -5959.3098
862521.0720 -373060.8597 905290.4192 -429757.9675
760530.6641 747553.4444 936528.8867 -6699.3556
743866.8783 944596.6824 782410.5260 929319.7581
763192.4009 -184598.1733 511349.5317 -230484.0337
680307.4221 717951.3171 928469.8671 916606.7052
-70620.4912 -300986.6099 -160459.3175 -277115.7691
-206021.9014 546734.1568 -106088.6617 515085.3732
-736882.6658 -934924.7251 -849064.2496 -733887.0171
-173100.2155 527146.0940 -364732.5857 111096.1088
-117942.3409 977854.2082 96044.0249 714301.9887
-880366.6908 -518652.3665 -774909.6287 -485181.2885
-393184.2982 655993.4362 -806442.6914 900754.9989
-17915.4443 970094.1516 334110.6470 755191.9560
553769.5456 721957.9342 972654.7239 963908.5649
384824.6739 -860790.9375 353596.0732 -601985.5825
484278.7582 760449.8378 490027.4505 661611.4044
-97445.7285 344825.8570 -11077.9347 450260.1894
193870.9174 857050.4701 414515.7911 799689.9272
874355.4927 992983.8931 914011.5738 992634.9664
-963261.9373 797449.7646 -914736.8495 865274.5660
-225926.5635 306894.1637 -350202.8986 42864.6591
-579204.4287 66260.3629 -592063.0648 129414.7274
445871.0281 -582263.9453 371022.8764 -281841.8366
-1471.2298 -268721.3006 251352.6696 -105906.0261
-229398.8287 -770798.5052 -172469.7538 -766787.6414
-113855.2438 -291291.5163 -755373.7146 -505745.2089
739900.8784 -566827.4125 612331.7408 -553699.0850
-492332.7555 847803.2586 -464966.3877 818534.1569
-109589.2722 -457468.4396 -102068.8811 -409459.7165
359223.2427 -876925.8303 185173.6569 -795799.0673
425488.6687 383034.5640 324232.8031 309908.4852
526011.3658 56727.7414 413171.5876 165889.8129
24437.2771 439145.4592 268668.4045 433044.4250
-792026.8356 -525645.1672 -182892.9573 -358241.7491
215061.2488 -579607.6769 247281.8412 -726365.7597
142133.9677 425925.5250 240667.3338 417602.4995
-365346.8417 -211173.0114 362345.2243 199068.5824
465851.7916 -516985.5988 595943.9653 -644865.3210
-635614.5484 -298472.5060 -888976.2221 -344194.2184
-482187.5277 -108343.5497 -660164.7307 -150304.0680
421816.8018 127897.9885 308691.3703 66712.9887
97233.6782 -425531.0869 20261.8423 -632933.5934
-929962.7821 -444824.5408 -547277.4455 -322103.5425
-705571.9990 930911.8737 -673468.8962 876147.7790
-428578.8155 283691.9182 -441146.4492 17905.5041
-654087.3019 -938985.3719 -713831.7119 -926476.7636
-55825.5028 -41036.0689 -265347.6172 -226793.6611
-288045.6571 -862281.2289 -234091.9637 -863446.2905
394091.6273 -867624.6967 582036.7969 -982509.6401
-984841.2236 -151435.8362 -952449.1912 -117245.9766
-650099.7530 -793396.3306 -468537.6150 -506792.3157
-82197.4731 -961357.0481 -649627.8375 -982909.8232
-427712.5057 545452.6013 -395600.6955 483212.8007
990760.7638 234810.1906 956414.6242 199082.0697
-580166.9176 976601.6854 -538833.0941 963060.0541
380239.3286 151918.9449 215979.0331 41095.3399
-752223.2503 644887.2074 -548083.9479 307972.4747
-974080.7978 -495301.7203 -941749.8613 -422446.0350
-361035.2727 -22656.0552 -407390.5405 -161727.5818
-163412.7745 342154.9146 -239283.3221 18223.8096
-692644.1609 -7989.4130 -670488.7308 -43439.5719
413337.4563 -759309.8638 563477.0483 -807723.7090
917860.5238 663741.9961 889613.6218 615048.6682
-736724.8769 898737.6686 -390145.9294 678350.5966
-595000.5684 -164724.2634 -468459.1890 -131398.9126
-975406.3219 -823868.6346 -879025.7499 -763931.7853
-692081.4686 -318634.5572 -823437.6897 -391527.1402
-873438.4677 288941.8398 -985769.5994 575265.1698
944742.6955 -318448.5481 643869.4787 407932.0779
-495916.7764 -324907.7739 -368739.9310 -345089.6962
563291.1653 569435.1593 203869.4322 386793.6151
519882.3148 -441244.0526 490774.1281 -403599.2077
-742035.0620 -38945.7399 -784705.9352 414245.1183
-308999.1588 796815.1151 -308555.2240 438973.0795
-232499.1122 286838.8987 -407439.3928 -196605.9141
-95835.9606 -757781.8923 -106370.3374 -783868.5966
32131.4636 201965.3907 71799.4694 136393.6497
-31629.3253 564067.2445 -95660.2210 563945.7793
79371.9848 -674821.1501 438965.5427 -900281.6627
-152288.5570 -552838.5339 32546.7622 -528747.4680
995680.5198 313299.2061 989282.7160 524545.9282
758544.5511 -374477.9946 763650.1933 -694383.5579
670065.3842 605393.4167 775821.9967 349335.5949
-580107.7561 987804.3451 -213209.6429 981102.6986
-417694.5987 -760450.8924 -216386.7953 -754265.2945
-183277.8778 -67953.7050 -209147.4230 -22222.9893
414483.9396 488768.1448 280344.6375 384394.5445
917358.2545 887784.8655 812578.7532 585284.6950
-933568.4174 699544.4621 -842527.8172 630739.0393
118834.0715 815250.9729 155483.4191 738767.9601
824218.5958 -103520.3042 837108.8308 -74138.4820
945960.6543 -917821.1185 813731.1123 -549599.3464
-977320.1019 -650003.5218 -871921.7197 -51911.2427
449270.0900 140654.4093 697173.8778 163018.5082
797766.0995 -958306.7852 296688.9001 -475198.9700
105775.7566 -113455.6364 -129231.6448 -216582.2512
5752.9998 544254.8960 426573.9239 701313.0415
255617.4572 -892323.9391 19911.7022 -817726.7220
248764.6406 -332064.6140 564891.9613 -103006.3100
96044.0249 714301.9887 -36463.2102 793559.6342
-533360.0191 -302128.8004 -727574.1028 -118694.1108
717308.3699 -949999.2975 431363.2149 -823987.5850
-672652.7371 -964802.8978 -989522.5336 -836201.1368
743771.9235 -124567.0797 744211.0588 -49685.7094
659705.9792 -650891.4499 768372.1383 -862145.4106
-374432.3227 -597372.1594 -606702.4699 -776541.0887
-249570.0369 634824.6885 -111816.9649 613539.2999
-911192.4391 60609.3492 -891687.2748 273122.1018
36901.4179 -770213.4825 58776.4334 -678139.2613
962448.4955 742546.9116 920990.3651 860194.9791
-489981.3213 128527.4424 -493066.8773 209017.2825
-274863.9421 -530481.4957 16119.6664 -469495.2178
-484842.1289 891609.8622 -560254.1196 966917.4769
-180837.9812 -710832.8626 -141676.9321 -851796.2645
-534054.8371 592842.4038 -830557.3911 912484.5160
-183649.6814 -230165.0591 -328951.4771 -266669.9021
-697706.5061 116619.3110 -592063.0648 129414.7274
-239329.6794 718874.1512 -277327.0997 604672.0694
400322.4251 -789464.7729 475732.4787 -815753.2652
-649627.8375 -982909.8232 336785.9058 -991400.1814
-292888.0909 -350019.4683 -442770.7917 -320459.6928
169258.6424 65735.9688 408573.8173 223453.5607
869194.1434 -736074.0545 813731.1123 -549599.3464
-550617.4430 729319.7199 -499264.7037 327951.6969
-10508.0758 767838.5673 93352.8013 678507.5463
718916.4783 -851922.4638 852708.2987 -969668.1480
86251.7212 237821.2809 318832.9087 363648.2707
71948.4984 -425919.3258 121875.5624 -350635.8733
-710711.3989 -45741.0046 -692644.1609 -7989.4130
-409493.8509 441863.3615 -419026.0442 332222.9239
685636.9884 -157131.6356 611618.7286 -121454.8296
810387.0857 634071.7608 870807.8626 768010.5595
222097.6955 580021.7222 189825.9071 540900.4023
-132883.3356 164926.0977 -73174.4388 36337.7250
677919.0810 961605.4676 256015.1859 978233.9586
-434181.1540 -883860.3191 -563045.7148 -889830.8782
-271562.7854 815100.7717 -315988.0450 847793.9397
949977.0188 -225527.0660 853167.3886 121727.4908
552356.7778 -938313.4474 797766.0995 -958306.7852
511628.1233 -957637.4633 -9151.4801 -754158.9989
-753479.4107 963544.6252 -877717.8677 979867.7348
440689.5619 -988937.5463 -68950.0141 -907367.1982
73721.8694 -360424.3645 105691.4224 -251472.3129
-442751.1808 -468279.9003 -928955.6612 -641591.3162
-958440.2120 181918.1417 -954698.5849 224019.5728
411105.2842 684735.7318 490027.4505 661611.4044
465071.8345 427688.3351 488714.4715 359806.2829
-446950.9434 -254025.6034 -613818.6567 -184280.2253
-560122.9589 725916.3720 -543786.2816 739144.9490
-496882.0007 594598.6746 -497255.9894 511635.5052
-185296.3819 -842151.9749 -26155.2512 -881662.3271
-983201.1839 -152684.7103 -963960.8525 -146143.3345
-704390.1390 -682965.4989 -837536.4214 -684024.7796
-830670.9378 178703.7877 -847179.7872 466776.7841
-706629.3628 256686.4498 -756141.4798 633256.5640
560191.8375 -70939.4589 398528.7355 -144072.8297
334110.6470 755191.9560 47855.6448 837803.7752
335175.1748 944750.8436 371762.2811 902625.8319
781167.7401 -432272.4684 782120.8357 -569585.6258
-690234.1477 855054.7575 -603547.7507 812554.7430
924303.8130 948227.0393 567339.9129 899044.3758
920046.1383 -704998.6695 883080.6053 -638783.4942
359322.7086 -263766.5927 567251.5747 -524409.1777
321590.6933 -96135.8377 578547.2125 11829.0770
799275.4354 151019.9570 792935.5523 272931.7892
-910106.7932 -968844.1055 -826540.2506 -930339.3771
497702.7523 258846.9112 183402.0251 39273.4773
-132883.3356 164926.0977 -81099.9748 106806.8105
969125.3869 132779.8126 977043.7025 -435343.8255
995839.4946 961698.0257 920910.6487 291023.2635
720171.0361 -494548.2600 721709.9205 -470582.3437
-351053.7605 -385299.0327 -257216.1727 -352971.5427
-584124.4654 92355.9136 -570652.4872 243840.0248
44042.7848 907092.3455 120576.1683 864305.4508
407376.0120 -224169.7017 557994.8185 -310929.6539
163647.5652 636984.8227 166645.4717 727977.5766
-332484.9244 -207504.4287 -361801.7369 -304530.9625
-572858.9695 -359741.8810 -263714.8456 -126741.3294
-717610.2757 -922072.5549 -611409.5222 -589051.8588
-183561.4992 -769308.2729 -239876.8680 -790212.3247
842086.2166 185097.6094 923103.1036 15980.3247
704242.6557 861707.0683 565779.3695 751434.1403
250133.0834 214061.7499 74802.7097 101332.0508
-311455.3103 310831.6498 -331985.4622 415287.6924
640736.0493 -476171.4675 735154.5650 -561375.9771
-794057.6355 624501.1640 -691657.5747 118920.7882
830892.1640 -164846.9949 488630.2519 -213687.5730
-197770.2357 -650691.9085 -361328.8785 -650496.7783
-317328.6879 354252.3766 -229685.0577 507239.2141
-145271.9749 257843.3218 -118206.4793 484682.5059
171733.7107 718397.0623 291078.6794 709908.8502
-812386.0095 -418780.9166 -816060.4803 -448940.8447
-465086.4570 474464.4485 -453398.3035 642996.1359
627232.9415 336171.8307 496718.2515 287144.9256
-300696.4283 810126.4421 -273676.6320 660866.0516
-175861.6838 -854725.1650 39883.7687 -969537.9028
-625729.1118 -53762.1120 -666621.2320 54879.2170
112193.8525 -890483.1562 582036.7969 -982509.6401
-584124.4654 92355.9136 -619494.8199 383742.9449
-472023.2962 -340135.5798 -533850.1768 -347553.5456
916662.3306 252446.4088 875849.9445 271847.4566
-148117.6702 871303.4571 11826.2093 645618.3774
-64801.7513 -550801.7806 -101453.8988 -699627.3201
-393184.2982 655993.4362 -403538.6846 645238.2587
-80234.6571 -389369.1828 -486344.2489 -510261.5245
-870444.6734 -687502.8674 -953265.1030 -717203.6757
127308.6726 952236.8560 327726.9501 834684.6202
266497.4680 551106.8161 70049.5714 509620.7616
-353169.4954 -853716.4913 -224208.5347 -914016.4598
948692.9715 -56968.0914 967912.3941 -95160.7821
-482509.2051 810328.8883 -696047.7453 982657.8806
456588.0972 -589150.9565 768372.1383 -862145.4106
-353657.8656 -930138.8417 -363071.0799 -965777.9378
389777.0733 -322474.9567 473791.9923 -555218.8278
144900.4457 794550.1677 174772.6169 760489.5619
-972310.7232 289498.4015 -928128.9106 191056.3801
58776.4334 -678139.2613 166588.2295 -777506.2379
989282.7160 524545.9282 995839.4946 961698.0257
-161866.3734 648008.2637 -132195.1753 695057.8558
936454.8451 -917767.9380 945960.6543 -917821.1185
842086.2166 185097.6094 735798.3601 527929.4304
903237.9636 -832872.3351 814883.6430 -643909.9626
-493006.0724 56055.8286 -565704.5687 -48763.9346
-845522.2440 627454.8740 -898294.4179 640508.5730
684450.5328 525157.8070 592538.3728 384750.6155
649759.4826 -882196.6906 565591.7788 -765970.5389
-399924.9707 32171.3358 -233616.5150 387365.6304
518422.7392 -640469.2451 513122.3260 -632856.1673
990475.3788 -198181.0787 993491.2076 269292.0201
-994438.7062 -480538.8941 -922777.6927 -198360.2356
56830.4365 -349755.9378 -22432.7748 -426076.0293
-381684.4962 251789.4188 -346305.5391 297543.4931
833269.3453 -414301.1044 916932.1107 -580173.6277
271091.6140 421544.8866 507995.0951 549279.2700
192676.8964 -642884.5653 251941.7255 -761831.9807
135825.6971 565920.5243 63130.8207 523385.3842
418163.2438 49126.1468 483399.2621 1991.2985
651701.6143 900.5568 -116352.5775 -320145.7511
-966734.7668 76854.1178 -760376.3069 -194123.7263
-13842.5631 850044.0457 51366.3617 802056.2482
-96021.3561 525783.1425 -227318.2066 556693.3438
750058.5266 824752.4298 573556.3386 713425.5869
97117.1587 440557.7352 301907.2140 443351.6794
369083.2497 936470.1611 437623.3230 954081.0972
-24119.5207 990081.9931 240932.9819 846464.0550
-150680.2364 746552.9140 -244727.5966 915829.4955
-276114.6390 256096.5295 -235029.4920 335057.4791
27894.2687 -193944.2958 106841.5110 -161717.7904
-555559.2071 573467.9113 -699413.4221 730861.0922
896945.3492 575765.9389 898782.6755 314128.7481
786836.4945 581636.1023 786522.9759 600133.8354
-904152.6877 640610.1306 -861764.1634 327275.2176
-610814.2465 533993.3144 -656409.2982 569635.0601
208589.1676 -906299.0389 533772.2932 -966882.4939
43015.8012 315548.5077 -20687.0609 433599.2960
721876.1539 158580.2354 934568.4861 -416021.0629
99572.3744 168496.3813 473065.7919 371527.6542
44720.6858 -844694.0915 209708.9290 -882971.8581
421823.8155 401523.0948 465071.8345 427688.3351
250692.3584 -20995.3305 89750.3019 -142853.0544
608498.5292 -360154.5297 469784.7803 -198535.2641
-149486.6008 801544.4661 -35324.8414 682111.7353
13614.1257 240994.9083 -74211.4377 286774.8380
598641.9849 902743.9909 325243.0831 704416.9358
-849268.3471 -463619.8667 -840679.0986 -419972.7796
580615.8608 491792.0838 410495.9244 442442.5524
-923304.1631 -486914.5164 -941340.5594 -533753.7053
-302772.9118 -764572.5816 -147141.1989 -841046.4325
-368587.3187 22430.5626 -234479.3881 368242.4191
810187.2240 478117.9571 703089.1261 721269.0350
339335.0801 -566799.8234 324886.5105 -604645.5721
-7873.3010 -186466.5149 250692.3584 -20995.3305
554190.2439 -656619.6326 442370.5862 -567399.0050
-421163.0671 -567674.3944 -537718.5890 -697558.2163
-983688.6898 365646.1404 -995907.1976 734408.8789
-426651.8742 402363.5924 -448882.1677 353393.2265
-378112.5228 608595.9626 -383820.5851 597165.5711
-988702.0082 525121.8362 -923543.0317 328558.5305
61093.5755 403859.8731 151647.7248 420482.9579
-435330.8511 347568.0680 -402193.9830 284708.4456
-364469.9113 717161.5449 -353633.6273 895952.9714
279245.4409 -253945.0816 607793.5473 -51927.9198
-299508.8255 -529294.0536 -599995.5655 -817124.8739
-241604.5470 -450094.0983 -685385.1562 -826137.0591
610346.5407 -186101.8419 469784.7803 -198535.2641
977068.6031 -858616.0550 904110.8412 -752216.2958
-517812.7738 -820075.5000 -404684.9362 -690252.8642
-756381.1893 856851.6682 -837911.7229 925964.0027
514039.9048 283338.7268 566368.6573 195106.7695
-668423.5906 147866.4918 -608665.8033 221527.8559
994617.4201 -683480.6118 907863.7940 -467916.9271
95658.1055 -424555.1559 135749.2707 -426604.6443
-904017.0281 -62772.8314 -962514.7152 -194630.8276
758573.9379 136315.3689 678936.4594 394332.2055
609718.0010 -498443.7458 588780.2568 -370514.8746
-8945.3865 -102245.5845 133070.9723 12558.0430
807320.3864 933563.8787 677919.0810 961605.4676
-105885.7004 313807.2245 34467.4556 258062.5971
966790.5319 -295531.3869 809080.3671 279131.3475
3131.1668 616992.5527 -58206.4170 460717.9708
38524.5914 -539390.0113 59166.3657 -398986.0635
-643967.5459 455231.7209 -705512.7942 559864.3239
-936974.6665 236325.5545 -924568.4773 325526.2889
383689.8364 879147.2477 363997.4557 832148.3889
-570516.7524 -650796.7327 -606463.6034 -607417.7503
-989200.7777 125985.7079 -939790.3263 153174.0658
-300315.1718 -407100.6335 -456913.6644 -436568.9936
-651799.5632 -176376.9398 -764437.7894 -54917.3354
-786711.4704 723283.4455 -718460.8919 311974.1465
384824.6739 -860790.9375 79797.3355 -644326.6582
596499.1115 43224.4752 629284.3100 68241.9227
-312463.8293 278786.5487 -283518.0529 400143.6473
-912907.8201 -370366.7624 -808115.4161 -374254.0735
-190260.0333 133145.8724 -174446.5630 151180.6594
-1471.2298 -268721.3006 -20318.6601 -212492.1919
-459988.2791 -719205.5917 -615703.2828 -859563.0239
-373206.5598 -880553.6204 -564726.6012 -908793.8720
814422.4325 -721377.4965 827591.5268 -770298.3561
-109589.2722 -457468.4396 -263494.9261 -527830.1492
-174446.5630 151180.6594 566026.1160 481568.8728
-699412.3172 -180707.8013 -770159.8478 -318679.6803
464780.6369 152088.4725 578783.4962 187656.8622
68351.3464 -979656.7999 158332.9718 -983230.8216
-27199.9680 -917769.5297 134160.9208 -977464.3998
-908584.2162 342577.7435 -977090.7645 501271.5214
245024.2989 865734.1000 47790.2628 973089.5881
802454.8300 -14019.0935 784429.1720 7878.8304
904110.8412 -752216.2958 930264.9976 -784588.8976
880989.3540 956026.4481 995142.7102 978569.6993
-261276.0203 -92485.1765 -151954.4716 72727.5308
-619494.8199 383742.9449 -544177.0875 225780.2338
-985940.2513 -557606.9562 -999972.8107 -518631.6644
-764734.3600 676679.9638 -646808.7263 581465.6034
443929.1184 -747594.3392 465616.0269 -768812.4579
-364469.9113 717161.5449 -431636.9017 915652.9570
-322361.1817 21098.3372 -230628.9666 147768.3360
-528221.5425 170422.1351 -534100.7436 243127.8017
844041.4445 -556036.2422 916932.1107 -580173.6277
47824.2565 -233674.9607 15653.2645 -226885.1121
830282.8805 -155817.1496 888468.3810 -326843.4758
546036.3917 912109.1642 306897.8582 884208.6994
-551886.5713 -823992.8831 -662063.9457 -890874.9059
-560264.8218 -50604.8897 -492697.0603 42152.2523
-979417.6218 -871896.0999 -937737.5685 -974281.8341
595612.2406 -264676.3769 559062.8038 -241366.0581
837108.8308 -74138.4820 890585.0089 -258779.4259
-903500.7623 896111.1897 -981873.0460 830316.6942
16119.6664 -469495.2178 69134.9077 -352474.4679
-141676.9321 -851796.2645 145716.6812 -890346.8218
546586.0221 -949514.3956 633277.6244 -980775.0017
-533831.0427 -333707.7502 -259024.3087 -125868.2884
-662567.4138 984624.8867 -594498.4147 926066.2246
631773.1104 -139249.0305 610346.5407 -186101.8419
-919960.2549 -604818.3969 -486044.4041 -307081.6993
492486.3047 -73983.2367 324144.0214 -145710.8585
-573568.3762 781534.6936 -620253.4373 790483.7680
376465.1664 -521345.9056 388325.2490 -363085.6105
-726218.2437 -9465.3966 -742767.6303 -27.3537
-269174.9498 -655621.2988 -365523.6583 -738572.7128
-249570.0369 634824.6885 -134784.3126 573747.2533
-525221.3645 -6592.0198 -430100.9804 -22917.6088
-826568.4536 655359.3324 -792834.4494 662670.9430
391252.9084 -41108.9137 317590.9439 69380.6498
-676878.5074 -703983.6584 -733688.2520 -710225.5823
561838.3164 433977.8140 534111.2768 422366.0038
849599.2446 843771.0482 878617.1899 869036.0894
251353.3284 381387.5122 111445.8349 360367.4514
-340002.1665 846849.7188 -326995.1520 505916.2723
-354727.4516 -155204.9005 -183277.8778 -67953.7050
-149257.3658 -629586.6232 -186567.7467 -643426.0477
282889.8324 -639582.3494 384824.6739 -860790.9375
-644930.3056 -603976.4138 -669017.5238 -622879.5781
549201.4662 -506149.1641 515017.9970 -483154.6376
252019.4894 -725118.2109 285333.8973 -713966.1573
-30269.8998 -328506.2826 -18267.8942 -348159.4794
870261.6390 186865.2295 709991.9947 656949.8805
727081.0596 -524406.3169 710815.2922 -523819.6437
346453.3960 265012.8682 74802.7097 101332.0508
5973.6955 -288950.2078 -801182.1844 -638105.2278
-874031.5389 677183.4702 -888721.9319 701733.8278
-384225.8438 940759.3620 -431636.9017 915652.9570
-854443.8435 658640.4114 -913380.7299 707910.2055
-513807.6484 548788.4099 -475177.5926 666306.8103
379033.0350 -247470.7409 519882.3148 -441244.0526
-406988.6818 775193.6630 -605502.9761 965313.7889
229551.1063 -274262.6330 248764.6406 -332064.6140
-945263.9252 993390.6028 -732504.5740 723126.5314
319774.3899 573946.8810 219978.7182 549503.4772
590199.1226 -814354.4425 303809.3421 -507605.2899
-38810.9019 643906.9720 -38892.9726 598663.0809
826181.8437 805109.7918 814784.2536 715655.1814
-347826.3513 421808.7779 -311455.3103 310831.6498
995839.4946 961698.0257 758448.4725 834640.1514
861195.7939 -230143.4439 768112.8601 22394.8847
97557.2022 -29193.9974 -33715.7991 -128901.3696
-351681.3684 521104.8174 -358005.9867 672294.3699
942139.7184 -309093.1253 922550.8303 -171700.3534
5385.7028 -76422.0194 -242138.9044 -222708.2837
-605890.7664 47333.7690 -629323.9506 -100793.6960
-382344.6598 -540140.5603 -423871.5291 -546434.4526
340111.1903 -266919.3318 347711.9137 -411433.8173
-705833.8618 679593.7713 -762199.3721 739947.1484
255953.0268 371006.8362 170500.7207 352166.7032
992452.3064 -960678.3685 929137.9649 -869741.2537
235195.6363 343031.1883 613190.6904 591909.3594
-317328.6879 354252.3766 -327344.4137 490340.7285
878617.1899 869036.0894 922325.8090 906306.4557
-760876.9165 -100618.9490 -866569.4942 6450.4623
-364512.2539 -646430.7637 -346827.4020 -684176.5565
-506100.1015 -99157.7023 -555626.0854 -111375.4536
840767.5758 150486.7241 756083.4601 439179.8035
702534.3506 166994.1969 670867.8503 15965.3372
-93182.5438 696560.5193 -90482.3517 698438.0205
98003.6146 826956.7916 27156.0112 867714.8364
208759.6511 -145920.1335 373693.0558 -102561.7037
806476.9987 259107.1698 680956.0210 568400.4433
-393184.2982 655993.4362 -573568.3762 781534.6936
-391995.2510 177953.7884 -358005.9867 672294.3699
239957.5872 247352.7474 193101.6010 228137.1352
-173196.4671 56519.4290 -220139.9902 72992.2863
-3114.4349 418753.0620 24437.2771 439145.4592
-824056.3609 36121.1447 -783805.3468 -32278.6255
-432499.3740 919884.5455 -462030.4106 902830.2453
-68547.2569 533005.2518 -260992.1848 617514.3798
837019.5340 19705.6261 745407.8097 184773.2298
493893.8418 -193869.1039 572878.3836 -121969.7445
883365.3747 -846679.8709 845080.7675 -738718.9045
-237800.1726 -724896.4934 -292594.5765 -722788.0422
-879025.7499 -763931.7853 -909524.9792 -752489.2062
343987.6676 779676.5905 334110.6470 755191.9560
-19003.2374 634077.7870 -78405.3496 685820.0686
357769.2021 677214.4999 378567.9362 720830.7205
-660164.7307 -150304.0680 -453328.0847 -125666.3628
929686.1151 -483698.6504 882189.0529 -326956.6385
527654.9382 -614299.1249 554190.2439 -656619.6326
174772.6169 760489.5619 306443.9536 719769.3486
577221.8866 -794512.8498 167367.7487 -330956.7856
613190.6904 591909.3594 238757.4930 460060.8365
-655741.4884 -865318.1769 -508906.2430 -754616.5647
-877570.3877 -246894.6630 -843659.1627 -236016.9213
129607.6636 329366.8371 43529.8011 360536.7679
-340375.4208 -887755.0408 -533619.1741 -841282.3317
-816079.5592 -656396.2762 -930247.0123 -692968.8814
-735330.4903 11089.7498 -762077.2274 323131.2855
-946302.7900 517115.7022 -991291.3391 751061.7172
27712.5103 676701.9284 -128542.1972 328028.0558
-948897.9027 549775.0082 -809910.8656 111515.2882
-522778.1950 262934.8522 -514597.7319 330882.7437
802743.7158 -483779.5824 800888.1186 -512385.2019
505087.7619 -642301.7285 855639.9407 -959325.9152
-466610.3413 907894.6393 -404119.9174 806891.8791
183859.1083 -165517.7315 196306.1148 -175239.7121
-498445.1120 -837917.0137 -533619.1741 -841282.3317
-974136.2661 -281497.9533 -960613.1285 -190958.8493
-187807.5827 385345.8898 -232499.1122 286838.8987
-995368.6593 -661767.7866 -943071.9039 -438980.7153
342883.7008 -368818.7172 289458.8183 -428379.4189
73721.8694 -360424.3645 178537.8774 -253608.8261
312784.3880 -318681.3504 299180.6637 -297648.4027
36204.1176 769086.2130 -203260.0052 932206.1840
629930.1937 398801.5510 828039.1607 -66484.2974
-257216.1727 -352971.5427 -135733.9739 -331513.7965
99572.3744 168496.3813 71799.4694 136393.6497
-77658.2984 134333.4065 13696.4423 130031.0102
-481826.1966 192137.0732 -466047.1474 435181.6924
36071.7518 -469211.2518 -269975.6273 -567884.2609
238009.5117 -116789.2288 483399.2621 1991.2985
-680826.3176 -324229.1039 -642115.5212 -309015.6657
318832.9087 363648.2707 287980.6426 300452.2429
557994.8185 -310929.6539 487179.6806 -293233.1643
-393609.0001 -160576.5221 -230628.9666 147768.3360
-416143.2132 791999.5678 -406988.6818 775193.6630
608386.6582 -542222.5801 595007.1646 -463083.8670
244460.6602 983124.2882 309931.0690 850840.6680
-506100.1015 -99157.7023 -433981.9167 -35840.3157
-123502.4869 176469.8675 -200601.7548 147108.2934
939787.3121 758253.3084 925454.9114 351171.9673
-574059.2613 688202.4688 -557439.9496 623436.7035
-599995.5655 -817124.8739 -655741.4884 -865318.1769
101828.1170 -327441.9598 185955.7547 -222273.2191
886495.6077 -84174.4190 898324.4967 -153367.8287
414515.7911 799689.9272 416453.8503 843012.6917
832655.7287 437778.6477 739344.3431 716763.5539
-287884.9036 -676266.0781 -229941.9565 -681156.5447
240926.2694 80398.3923 -52060.1754 -94111.6578
165527.1475 218780.5275 86251.7212 237821.2809
608498.5292 -360154.5297 690422.4422 -331979.0481
-103460.4615 -846945.0135 -22225.8717 -823616.9604
414515.7911 799689.9272 393408.7785 849067.9537
-673744.9896 322765.6853 -705512.7942 559864.3239
962254.6763 286310.0758 958969.2619 513438.0622
-711132.1766 -620673.1022 -801182.1844 -638105.2278
-366510.2002 721207.8723 -378112.5228 608595.9626
-754429.0860 -987487.1577 -825912.3460 -971482.7233
925444.3610 261583.0019 925778.9475 313845.9687
308251.0405 600047.3189 364978.3661 576373.6376
316529.9618 171193.3336 22278.2424 -5276.4869
419450.7060 -523666.5199 415041.2814 -507169.4163
602349.7147 696609.4024 571299.4029 647699.3994
135516.4546 -64065.8133 -13127.6986 -159970.4047
-985709.2559 192346.9059 -989015.5399 172044.5993
919055.6378 -893049.3978 796642.5926 -616653.9070
-750250.9146 -185070.3658 -730704.0531 -220871.6047
-974136.2661 -281497.9533 -983201.1839 -152684.7103
239126.1234 373645.8479 242183.5164 369036.6550
592957.3776 -164688.5229 509122.9812 -186368.4046
798007.9609 262842.3177 916007.4973 -121953.8880
-456754.3213 43279.0147 -483197.3119 -12774.8530
629284.3100 68241.9227 615981.0757 64633.4674
554399.4717 4086.3713 692996.9423 162386.3904
-924568.4773 325526.2889 -911192.4391 60609.3492
-987838.0424 -255628.7620 -994981.5391 166066.4001
394091.6273 -867624.6967 414022.8931 -876780.4254
810873.4575 466796.6688 870261.6390 186865.2295
-730399.7810 2922.0640 -700561.9762 75218.3808
385222.5147 -641687.6697 382334.5880 -600847.0948
666097.1885 -337971.0758 674273.2804 -314672.7691
-884112.7554 665254.9432 -971945.2655 752546.5248
-446463.9007 636492.0484 -417678.3441 366695.2372
-497743.6787 -449995.3385 -928955.6612 -641591.3162
173032.8418 122880.4854 147940.3538 122836.9621
830892.1640 -164846.9949 743369.0518 -362307.3206
-190186.7786 833881.7738 -165642.0842 867110.5251
15828.6696 -360654.9271 -19403.2262 -378725.9493
694750.7168 959789.6352 776864.1511 988659.8313
833907.8987 265284.9700 807534.7133 367308.0851
-466047.1474 435181.6924 -479387.3465 149896.0771
-593452.1064 460400.7013 -516634.3525 243883.4255
532217.3110 220687.7667 428110.7978 169736.4545
666097.1885 -337971.0758 578469.2850 -313920.6812
988487.5065 -822283.9044 990403.8814 -900229.6146
359322.7086 -263766.5927 524509.8634 -449557.4635
-59472.8617 -505858.1071 -99030.4510 -529032.9731
913179.9213 -313822.4838 957536.5677 -482541.4014
282210.3943 430900.5442 169476.7044 384147.6206
247180.6004 951082.3531 244775.3904 947396.9819
-339658.0646 -895541.1989 -465194.7030 -924600.0637
847520.9589 480883.9469 864357.5372 609405.7312
-858525.7785 574950.8259 -862304.5078 368415.9190
-972583.3342 973251.7872 -989233.7757 839481.6950
834818.6823 241610.6479 807534.7133 367308.0851
534111.2768 422366.0038 566233.4609 350450.6941
-7708.4570 -679590.6451 -94308.0889 -798380.5130
-576880.0102 514532.8430 -556259.2476 478132.5369
-800609.0997 -411781.2513 -794219.5366 -402875.7187
-20528.8764 910834.7266 158970.9222 815898.1727
-657260.0713 558633.0956 -758569.0290 670563.7746
476578.3027 487984.0524 580615.8608 491792.0838
-160910.5489 478533.0220 -187572.2069 414898.5388
-533831.0427 -333707.7502 -289900.2110 -147427.3568
-262080.1303 828814.0235 -173855.2281 636353.1327
-600058.0983 213953.3552 -619034.7631 287735.5891
-499124.5034 971155.0288 -369611.7952 945158.2892
-552780.3176 -446392.0643 -225705.7839 -367352.1006
909636.7534 441660.7871 920910.6487 291023.2635
554890.9770 -453380.1504 516425.1190 -323304.3608
-959565.7846 562415.5572 -984164.0154 626852.4477
-603582.9938 910897.8641 -569588.0323 911402.0251
134063.3130 -58071.5420 201421.0187 7562.5676
-173708.3315 -92536.3562 -250197.4275 -127120.4247
37073.6643 702349.2711 19659.5918 637695.7568
-32175.9132 982483.0874 163381.8797 873017.4966
561493.1048 -785004.1436 528534.1282 -765038.7845
380239.3286 151918.9449 221696.5304 52543.9825
10182.2732 -977806.0721 -171043.3912 -890341.7442
87817.4073 180176.5818 67283.0232 226405.4067
635065.2526 -707035.2156 549908.0179 -611115.9941
902034.0878 97980.0005 906600.0299 75550.8739
858017.8739 858534.5821 840876.1389 835182.1464
-769035.3361 -817421.4587 -704812.2124 -747816.5901
-893018.8215 382244.5931 -928101.4534 546653.3148
199403.4945 730570.2900 306443.9536 719769.3486
798007.9609 262842.3177 837019.5340 19705.6261
289379.7576 -71048.6338 149083.6388 -136401.6518
-74920.5688 565710.7609 -25747.2576 577941.7917
-864010.7686 -777837.5206 -854563.8428 -828710.0137
-536963.3823 991246.0485 -737558.4894 995624.2721
509122.9812 -186368.4046 554778.0852 -173758.4811
240926.2694 80398.3923 266296.4882 114030.2333
-438749.2211 926675.1189 -369611.7952 945158.2892
960889.2300 -301804.6340 922550.8303 -171700.3534
629482.7689 832616.0740 610211.2858 792774.5319
-884840.5137 265144.9256 -876840.2656 -1101.3996
538844.5606 992643.8587 15828.7595 977561.6580
548052.8455 -884493.0898 524395.3621 -942449.8664
931922.0483 -840695.1968 804623.1385 -509114.8955
-965715.0781 -717610.0232 -991510.2545 -707414.6987
-560682.1597 893139.8353 -530974.3789 890829.8753
305641.2776 -611203.8490 311383.6616 -625009.3144
-862304.5078 368415.9190 -861152.4589 410208.9186
758573.9379 136315.3689 865392.3699 -102578.6492
-513807.6484 548788.4099 -500462.5237 622184.7168
-801182.1844 -638105.2278 -299178.0792 -418461.1003
645166.3003 798637.1689 864141.0208 913217.1665
533772.2932 -966882.4939 262840.8750 -872749.4035
61860.1888 -654187.0744 147501.4943 -707045.6137
513133.6021 767296.7699 502508.1294 803983.5981
327898.4164 -493896.5010 736013.8864 -896825.8395
71488.1014 -454163.1797 121875.5624 -350635.8733
-700724.1783 -490177.8419 -583342.4975 -467889.3537
376957.9867 525141.2540 183849.3500 465540.1610
578469.2850 -313920.6812 569476.5748 -262868.8713
525614.0053 793172.1926 528854.5019 799659.1077
158332.9718 -983230.8216 284915.8572 -986231.7740
938483.8053 354086.2952 994108.8514 917014.5820
849653.6877 538959.1797 876175.5632 767570.9375
669324.6143 -361145.9231 707579.6578 -396681.3035
-888976.2221 -344194.2184 -802571.1976 -321605.8031
-374432.3227 -597372.1594 -306566.0098 -514928.9443
728572.6397 271894.7471 734602.2310 386583.2879
631043.8882 143342.6749 561044.0994 69174.8675
-924367.3261 -721017.1899 -951536.5080 -736072.5205
-746783.5097 -240651.8218 -777258.4423 -283579.3362
691937.7277 -265846.7987 594080.8874 -239881.0134
50127.2564 -786308.0889 -22206.4969 -749233.0198
-61058.6304 178909.1601 -80383.8479 163902.8124
-804996.6447 827376.8110 -722358.0352 783171.0636
342643.7245 -573063.6487 314434.2467 -636860.1935
-174863.8101 -67682.1749 -32547.0705 -18529.2840
42785.2253 76556.6954 431365.3992 305235.4188
-55374.9402 -89028.4037 17248.1682 -9751.6470
-393184.2982 655993.4362 -426027.2832 650771.1038
-963542.1530 743893.4145 -948416.6730 699707.2130
732004.7985 -11139.2810 649328.1651 -36747.2363
644989.8229 807636.5742 580552.9282 749084.6190
-399376.5435 -516547.7955 -643132.5483 -785095.8669
-496982.6126 -958881.6219 -569906.0453 -951332.4364
-804006.5510 75854.0086 -858117.0731 183304.6848
134828.7089 -1511.9956 342600.9966 143623.7891
457408.8280 -799367.0958 495032.6341 -822565.2998
997575.5545 -423312.7574 997239.9649 374450.8964
87102.4188 -221781.3219 631603.6047 -431.8683
-465663.2344 56760.3887 -444079.5310 585241.1221
775960.0954 -999311.3761 -467281.4447 -988931.4007
-692696.3486 -631700.6561 -644930.3056 -603976.4138
113829.7076 -646284.9365 164868.4189 -643144.9363
-539680.2711 -951677.0790 -520617.8605 -922358.1377
27596.3461 133606.4963 26474.4492 134642.8913
-882878.9676 887452.6365 -972583.3342 973251.7872
732529.4086 9982.7365 743771.9235 -124567.0797
-519333.3820 -100891.1213 -506100.1015 -99157.7023
-534100.7436 243127.8017 -548083.9479 307972.4747
-606618.3101 -942654.4071 -532988.7049 -833494.3586
-149257.3658 -629586.6232 -334078.1207 -603290.7766
-820678.9905 922174.6464 -777257.3043 925043.3363
803578.2762 104263.6612 760209.7212 355865.0705
370958.2401 129715.0127 123443.0032 -16894.4582
998361.8811 -959896.4770 979645.6016 -855706.2610
-889215.3494 221649.8373 -890441.5472 313791.4878
66707.8017 438434.6592 696196.4523 642803.9573
-864359.6624 -411244.2241 -824753.1548 -375561.7820
670867.8503 15965.3372 638856.9758 74800.5127
505156.8831 -943326.4864 169540.2930 -718651.1767
-510656.5686 579658.7183 -519919.3564 510264.6008
-366510.2002 721207.8723 -560682.1597 893139.8353
-348552.5523 371440.1056 -360469.2520 590865.1277
417339.2251 269004.1072 479944.4140 314712.2124
517846.0658 -480284.9302 542124.1388 -495903.8244
-675697.6314 -444060.0776 -601012.7086 -432788.2096
464914.1662 -909374.2184 582036.7969 -982509.6401
-62321.4581 -360212.7367 -234874.2054 -408564.6505
-382521.2521 -848711.8670 -407817.9078 -867349.0819
484924.2418 -211225.5750 712278.6102 -174778.3396
997373.1389 -756977.9122 970726.2290 67954.8774
243199.7710 -458952.0442 64934.5565 -517749.0966
966369.2619 -378458.6758 880781.1929 -219770.4756
780122.3183 -195822.6289 595919.7916 -220990.1518
-505207.4606 187706.0679 -513367.9960 151002.2578
-179379.6981 472067.6282 -242761.0103 296169.2852
668231.1288 190779.9866 514039.9048 283338.7268
-164407.9198 -57397.3356 222244.1460 181760.7990
302977.2015 -604337.0350 244508.4116 -505628.1224
-132360.7529 -368470.0688 -151106.8381 -379489.4182
-125163.0052 569293.3417 -42868.4682 580870.9149
133070.9723 12558.0430 -226956.1739 -210630.7767
673505.1615 456527.3333 720461.9706 274761.5513
-393609.0001 -160576.5221 -278541.1773 27347.0498
-704934.0969 -970429.0554 -981539.1479 -850056.9846
-486044.4041 -307081.6993 -394825.0977 -268725.1224
553532.1894 -159598.4810 716241.5084 -45668.4400
-373293.6445 -577538.9829 -675617.9135 -829418.3815
590245.8079 -288154.6630 646294.2342 -270686.1143
464760.1487 -517886.6023 645106.4274 -734849.8645
539978.7244 533253.2125 353625.9198 414841.8073
536952.0345 -856913.2923 573479.7797 -858073.3452
539168.1259 -965996.2453 147501.4943 -707045.6137
942156.6579 -941901.1786 862907.1737 -907540.9849
-745896.1505 270248.0674 -695949.3782 128446.7275
-793858.8878 307771.0894 -797042.1358 297011.3633
-252273.7418 -578134.3780 -121002.7432 -568164.1570
-213209.6429 981102.6986 -167661.3331 979995.8608
565591.7788 -765970.5389 642937.4872 -886339.3970
-413847.5612 -114704.6520 -339281.5136 959149.2383
-858346.2871 -591110.6094 -782650.1788 -570300.7942
505565.7497 32965.0950 432295.7919 54088.5268
-114278.4008 816628.4823 -106657.9794 790544.1523
-300696.4283 810126.4421 -249912.6866 780431.8516
722810.3676 904263.6479 567837.5199 863074.9606
-7708.4570 -679590.6451 -65445.7357 -801991.6517
-13867.4920 338140.2925 -11975.9355 326422.3358
-876428.4168 127136.0718 -727574.1028 -118694.1108
-512596.7664 -972865.7586 -569546.8798 -954879.1960
-132195.1753 695057.8558 -225180.6160 813952.1463
717351.4145 -64368.5160 685636.9884 -157131.6356
-286787.8245 717265.7864 -273676.6320 660866.0516
-997401.9506 811562.3077 -984164.0154 626852.4477
-93113.7892 -891072.5418 -279282.9179 -796781.3733
-496982.6126 -958881.6219 -426755.6071 -937766.4934
890106.2427 853698.4460 659857.2974 698262.6984
-63590.9437 -147481.3301 -86722.1890 -135467.6798
301474.5626 -604731.1636 264177.4750 -579907.8146
191857.1680 -447413.4206 91570.6757 -486522.8933
469402.7892 -783744.6503 557055.6148 -835851.1826
-464503.7028 -126797.1391 -564585.1288 -136751.9628
-571592.8752 -28311.1749 -598582.1394 18621.1246
-426301.4031 -561226.9585 -405545.2942 -557373.2936
-43732.6919 -934995.4638 27698.3936 -968474.9686
-527779.2750 110113.3809 -515938.7901 56638.4483
-232499.1122 286838.8987 -240125.7768 204195.4941
15828.6696 -360654.9271 -70560.0721 -458982.2089
8569.7603 -435230.0188 51914.0247 -389230.7168
-11975.9355 326422.3358 -64135.0834 378313.9276
-115599.0040 -196923.4858 118201.1926 -65484.3954
721709.9205 -470582.3437 756942.8233 -367044.2439
514436.5207 -221047.9330 561000.6149 -209065.2288
-373700.4103 -150375.4149 -183277.8778 -67953.7050
-909524.9792 -752489.2062 -841887.3535 -713179.1501
947465.1080 -347.4561 958812.0198 83153.1581
728226.3964 415150.9547 728572.6397 271894.7471
484122.5798 28300.6259 505565.7497 32965.0950
-895959.4174 -232734.2616 -781795.8446 -189585.4925
110807.5089 -755893.4552 118496.7694 -768385.3579
279798.5269 -30069.2432 277553.2043 40095.3547
-763576.5135 -376716.0408 -805970.4112 -401706.9062
-626082.5237 259141.6209 -638123.2509 242764.4326
-915457.6957 -677009.3771 428087.3751 -99315.3366
728226.3964 415150.9547 763564.3180 277203.3413
613793.9170 829438.7522 560248.0610 827669.0724
963924.0500 993582.1028 788321.3638 966850.4576
145660.9569 -334788.6664 339335.0801 -566799.8234
-992124.5596 -289215.5668 -974136.2661 -281497.9533
-775162.2420 -5959.3098 -756620.0485 88167.8742
444756.9390 258316.1188 496718.2515 287144.9256
117524.6687 756148.7721 129621.5691 616922.4310
-888976.2221 -344194.2184 -770159.8478 -318679.6803
365309.7799 -590751.7820 396003.6379 -745891.1275
-236662.3934 794494.1974 -186470.8610 687862.8829
472634.8444 358311.2890 488714.4715 359806.2829
-645470.0888 -994327.6198 -130671.8733 -997329.7018
379033.0350 -247470.7409 539966.6043 -406995.5963
426543.8178 -619311.0041 578953.5890 -758655.3895
296688.9001 -475198.9700 204821.4281 -359152.5224
-190260.0333 133145.8724 -100173.3424 -5174.2211
208144.3962 -367579.7654 199765.8478 -363484.0654
-929723.8374 -342513.6299 -965626.0820 -395589.6014
-419328.8335 359112.6406 -426817.8855 350458.9568
592211.8583 -767476.0096 657944.3336 -878090.4522
-496423.2903 -645799.3517 -506234.4283 -639382.4695
-14811.2471 -621840.6359 -64566.5317 -640192.5103
-432909.4527 -159378.6615 -420717.2396 163166.9394
448170.3943 130701.1667 380239.3286 151918.9449
-303712.9068 -544942.8922 -361328.8785 -650496.7783
-154815.6421 -590663.3336 -188700.1402 -616244.6977
193870.9174 857050.4701 88505.0265 909915.0645
198705.1056 -232028.9900 317638.6548 -221854.2175
-152659.0489 -50645.7418 91849.6234 83497.9805
-273908.1199 439594.4301 -300696.4283 810126.4421
659705.9792 -650891.4499 463929.0692 -332737.0225
715144.1166 -27382.3372 732004.7985 -11139.2810
708177.3434 -712031.6585 746263.9046 -584798.3952
497411.5121 407019.9535 595458.3267 477468.9783
-675048.6894 -731107.0301 -727302.1949 -881105.1182
216065.5494 982751.6162 931491.0412 997893.2770
-325631.4160 -788994.9252 -261592.7719 -813187.4656
463077.9004 -448513.5853 422973.3580 -354624.4350
117524.6687 756148.7721 137266.0491 765739.9130
-892372.3789 -472162.5174 -960920.0433 -587421.0821
67268.7681 753907.0411 117524.6687 756148.7721
-174718.5000 808193.3020 3460.7040 638779.9788
388147.7733 992428.2127 -580107.7561 987804.3451
-101491.6048 543163.8105 -60828.3591 511246.6077
-709683.2240 -330409.0476 -667052.6826 -332688.5031
-20687.0609 433599.2960 3078.6367 316939.9338
869614.2585 303968.6732 808139.5493 605450.9367
421816.8018 127897.9885 390830.8186 -1044.2728
-659750.0072 243274.7947 -657968.5001 415903.4953
-375447.1566 -606534.0895 -526471.0620 -757848.5854
670631.7823 751181.5464 748474.9199 782637.5572
-362787.7452 -500161.6215 -363923.1350 -531943.6431
220985.0560 45788.8856 380239.3286 151918.9449
49704.5466 -346392.3760 -340178.4510 -440526.3894
539168.1259 -965996.2453 186594.6711 -762935.2518
-963157.0198 -840945.0386 -861437.8460 -829108.1525
-533625.8187 -154871.5469 -564393.9653 -196837.3407
820733.7405 -539278.0229 920046.1383 -704998.6695
-751803.2941 107174.8701 -747568.8428 38249.0349
-751543.1540 483254.7680 -764259.1450 574820.1359
805522.9400 -451022.1535 830892.1640 -164846.9949
-309627.6603 -437171.7757 -247202.1348 -434334.6419
715835.8895 -321138.7686 708287.3034 -303592.2000
-877696.4047 426681.1499 -913614.0277 582229.5747
792957.2430 -759687.5127 729784.8937 -665243.6462
-545934.4707 -478210.7761 -481017.5923 -454688.3102
-486344.2489 -510261.5245 -579492.0948 -599948.2138
98003.6146 826956.7916 283055.3490 772504.9307
822774.6781 -594571.4897 860250.5752 -707168.7802
-418864.6410 249648.5013 -417324.3101 285309.0366
993170.4777 353371.1596 968886.9614 371877.3822
263499.5395 379681.7112 255953.0268 371006.8362
309636.9599 -733532.3716 323487.5741 -774398.5045
60501.6369 742329.0359 96044.0249 714301.9887
-527532.0765 155564.7609 -523894.8700 252528.4043
545713.8818 36884.3435 515274.0847 127786.7465
-259630.3243 727218.5635 -265249.6019 697428.3677
69134.9077 -352474.4679 81147.9364 -287589.2370
-723038.9074 553394.9458 -727396.9973 424431.3637
-717610.2757 -922072.5549 -421866.5562 -639573.2200
-892296.8771 -501826.5688 -840679.0986 -419972.7796
-648318.8207 984556.7008 -737558.4894 995624.2721
-523980.3196 434512.3678 -500973.0779 334824.9885
-999546.9650 204840.2236 -984101.7283 214738.5676
-733260.9622 193844.3928 -713829.2945 66051.9681
-197112.3574 -301988.6084 -60307.1071 -202227.8160
-941340.5594 -533753.7053 -931888.0029 -438016.7925
-306650.6472 619299.5637 -300696.4283 810126.4421
-507367.5605 771993.3639 -375594.0947 673573.3455
266296.4882 114030.2333 352329.6563 177622.2471
485520.3853 959375.2972 546036.3917 912109.1642
-751801.9753 378062.5595 -871133.5913 802853.3518
-521255.8988 504242.2472 -519607.4247 671964.2544
-667730.0461 -478634.1561 -105981.5410 -302466.7349
-619211.6572 781804.7041 -560122.9589 725916.3720
490027.4505 661611.4044 518680.3128 755005.0600
-406420.0895 336728.5557 -401044.3334 277290.0145
550161.8720 715128.9625 553769.5456 721957.9342
168142.9659 822489.4215 120576.1683 864305.4508
-619494.8199 383742.9449 -548083.9479 307972.4747
-647591.9669 -953036.6397 -662063.9457 -890874.9059
-320803.6787 476489.5448 -341095.8203 565295.1824
424028.1893 658183.4009 364978.3661 576373.6376
23690.5990 462920.2690 364978.3661 576373.6376
-303287.0772 899576.4943 -194220.8382 772673.2176
-42913.8888 125880.7871 -75360.9533 113626.4306
797766.0995 -958306.7852 336786.4306 -508581.6243
633984.0131 -443591.1401 616593.7353 -542221.2410
-861764.1634 327275.2176 -854303.6429 367563.5703
-137355.9346 653536.1040 -129873.8233 669549.2432
-979893.4835 -358842.6249 -994438.7062 -480538.8941
-420752.7237 803102.3642 -416143.2132 791999.5678
-434253.0791 -245245.4464 -487700.3770 -233448.1990
-570516.7524 -650796.7327 -611409.5222 -589051.8588
-567465.0122 -45379.7219 -571592.8752 -28311.1749
419881.1379 -720769.9094 533140.3069 -792942.8282
-538954.0848 -685964.6868 -558741.6213 -697051.1784
573224.7256 -89559.0263 499091.5632 -125621.8020
-379065.9002 -243557.1993 -394597.5845 -243578.2039
394534.4141 -126177.9629 141592.3002 -238551.6576
-938117.0763 -621809.6460 -977320.1019 -650003.5218
942156.6579 -941901.1786 796642.5926 -616653.9070
394086.7612 818545.6614 327726.9501 834684.6202
775270.8816 831701.1673 950027.8816 933748.4361
-26618.7240 -609199.3003 -8544.9788 -539422.0985
25710.4780 784584.1701 2337.9371 808126.2568
654519.7741 -647326.6879 715551.2614 -763782.5516
997373.1389 -756977.9122 850050.4901 -347713.0861
237456.3142 -397841.0039 296688.9001 -475198.9700
-903500.7623 896111.1897 -920437.8145 905430.4933
-681248.8244 889797.6313 -431672.7701 756132.8157
884359.4811 -999210.2840 -467721.7286 -985109.1406
-361849.1803 978002.6532 -662567.4138 984624.8867
-584328.8652 909562.9336 -438106.2360 780225.5794
317418.9820 -691075.1663 289664.5974 -652329.8685
-139620.7362 389170.1138 -151120.2132 524649.5046
-166819.1959 -144917.2958 -52060.1754 -94111.6578
-13257.5735 -777795.6766 182970.5799 -830471.9724
738319.0002 -299494.6363 741773.6826 -230611.7158
304360.1144 -288061.5441 341935.2523 -244487.1444
-746106.7568 680161.7314 -724273.0300 675895.9352
642517.0793 803705.4314 680542.9772 822282.6792
625385.8741 -692800.9417 549908.0179 -611115.9941
166976.9503 584947.5139 19717.8193 546851.9197
786485.3379 50388.6788 765202.3156 113564.3183
688080.5592 -464788.8831 708616.0690 -520784.9882
-443006.3902 -165919.0475 -455189.1702 -145595.3524
77119.5543 556488.0168 -97445.7285 344825.8570
-162495.1067 819489.1419 -148117.6702 871303.4571
-402105.3227 38872.0044 -367025.3068 500170.8539
254100.8711 926387.6274 189414.6589 932969.0118
-105885.7004 313807.2245 60673.3292 277175.6780
-764808.3271 -911377.7482 -963157.0198 -840945.0386
-797333.1456 -827844.8345 -776251.3831 -866664.6978
-682929.6676 562415.6258 -570800.2478 452154.7855
-511785.5270 799112.4531 -624037.8081 881782.7584
73766.0193 -914731.6632 -185296.3819 -842151.9749
-704934.0969 -970429.0554 -866062.8298 -904278.2477
-438106.2360 780225.5794 -603582.9938 910897.8641
630968.9114 -737816.8829 596666.7372 -703378.7585
-777459.6938 798124.3907 -623636.4985 626678.1588
-745896.1505 270248.0674 -666478.8556 -32787.1254
303809.3421 -507605.2899 577221.8866 -794512.8498
-655351.8000 250136.4770 -631341.7519 283859.1064
167873.8895 -580533.8568 213343.5082 -505966.2383
914061.7731 427006.0146 923803.1326 516016.7486
-245452.7774 309682.1266 -317965.4377 127120.2517
-852241.0816 -436403.5512 -929434.4586 -447768.3340
-786711.4704 723283.4455 -814087.5768 738438.7074
346369.7010 -982459.7599 105036.8080 -943363.8281
-880901.2432 -815075.1446 -841887.3535 -713179.1501
58776.4334 -678139.2613 109909.7148 -761942.8934
710565.6768 971106.1763 256015.1859 978233.9586
-77658.2984 134333.4065 -116739.1483 156345.1245
-648149.0016 -341065.1104 -779154.8520 -377872.7674
-666714.1612 601276.6487 -846707.3724 843111.0541
-374101.4908 -845065.3082 -313407.7535 -830321.6043
510251.4176 359392.7192 327866.3697 267782.9486
-660164.7307 -150304.0680 -588917.1847 -187552.5044
-902701.9393 -110424.8315 -960991.0122 -298991.7673
-88995.4893 -732855.0607 78218.3805 -609258.3948
865331.0429 -368989.9429 827543.4922 -250808.8552
929687.5648 19679.2131 874108.3854 145354.8672
471640.0363 933589.2007 369083.2497 936470.1611
-902701.9393 -110424.8315 -913329.4205 -116151.5325
-578004.2035 -339272.3566 -773457.7224 -395642.5757
-49931.0618 526546.1694 11826.2093 645618.3774
647972.3622 247273.9267 576008.2174 265405.3427
192413.6409 -843892.3016 408058.6148 -937229.3613
669396.0784 23817.8232 663886.3611 104920.8505
694750.7168 959789.6352 963924.0500 993582.1028
810387.0857 634071.7608 858771.6182 808785.7201
-364719.5957 -916954.5315 -438534.8936 -937457.9154
51924.1571 402580.1575 29969.9711 421001.5919
411105.2842 684735.7318 332816.2892 646401.3980
458996.6026 284498.6140 579494.8044 351554.7303
-626419.7667 -594515.4375 -735773.2737 -668002.9349
369064.4255 -522265.8260 795125.1852 -952408.6811
438774.9540 569517.8849 630398.5867 625096.9927
