50
-776970.0574 -634649.1879 -982708.5798 589047.2634
639496.9412 721807.3450 5779.5437 802422.7190
352135.6849 598944.7475 209470.9118 -233189.1795
-406518.7512 217410.2394 -183249.4128 -803283.2356
-431017.5369 291675.8041 528585.2884 -704434.8396
-745929.2862 940920.1964 -706189.2865 758732.5423
398703.4174 -991590.0010 570067.4640 -730214.2954
500060.7333 615221.7994 464563.0107 727340.0238
-218271.8565 130828.8463 -332781.2355 752509.3920
-448432.7596 868063.2246 581330.1887 537119.2135
959421.9790 -68031.2345 588196.0218 -336443.2964
-779671.6685 837639.9353 -541294.7425 -254865.5146
-668967.0605 -596470.4642 -369613.1944 -314521.7909
-389664.6919 -976562.7140 -348182.7606 -459819.2967
-575472.6663 875491.1877 -385193.7451 -10953.8222
-536710.2769 642755.1701 -586573.9333 843857.1821
-137999.0596 -468582.4381 -255952.1757 -274629.2625
-73990.2661 -996959.4390 375228.2032 -819769.9413
611896.1547 -353835.8813 288677.3832 -254090.1679
346963.1258 -602700.3846 -73990.2661 -996959.4390
980574.6708 878463.4023 941432.0358 -65000.7009
-864894.6438 -607794.5219 -811007.6752 -445287.9212
623105.1779 412599.9184 288677.3832 -254090.1679
473778.2968 -826699.3909 346963.1258 -602700.3846
-747562.7286 479184.2089 -772686.3608 -389642.3979
536937.7234 -465413.7509 974830.9771 -300886.4030
-332781.2355 752509.3920 -501804.4025 688276.9497
841045.8902 15873.2879 908270.9932 305053.4000
573283.4152 -963200.9173 644759.6657 -843220.2850
-118852.8907 312385.6678 0.0000 0.0000
170330.6256 296016.0938 -114272.9509 496352.9068
974830.9771 -300886.4030 758694.6559 -529762.2032
-615938.6567 -755442.8789 -403679.2655 -374000.6050
-158542.6865 795148.9405 355921.0396 887380.8148
279641.5432 961281.0224 755594.5085 898122.3222
452724.9682 277102.0428 227154.0631 -258274.6720
-341604.1929 571935.7291 -501804.4025 688276.9497
829298.7589 715750.7633 953177.6844 449285.4605
248024.5079 202737.6616 0.0000 0.0000
-524056.1587 -159460.4747 -396385.5861 -241351.9202
-237444.3920 470680.4726 -65967.7642 340656.6461
420347.8485 181129.4467 452724.9682 277102.0428
713652.9480 -958269.2305 398703.4174 -991590.0010
-802213.3378 363390.6340 -780219.3405 824617.5093
-385193.7451 -10953.8222 -524056.1587 -159460.4747
-357816.8589 -622594.4012 -343596.4763 -710855.1204
-598593.8709 311578.1240 -429596.7305 151708.7238
-664369.4733 -552049.5631 -843138.9344 -825921.0626
506639.3164 -423113.0902 723825.2063 -821400.7456
141533.1023 -353789.7600 528585.2884 -704434.8396
