10
253482.0374 210195.3208 691759.4604 497831.5832
-242185.9149 338347.6673 328439.2834 102840.0552
975280.7839 -400998.2852 -728581.2933 -30672.08017
98228.22949 -582648.4057 583019.4342 -740727.3834
-621753.4006 819791.6375 -242185.9149 338347.6673
-881884.5443 -57328.02331 936119.5879 -730925.1345
-279234.4975 926233.4235 55800.02619 289959.4913
772324.2295 7588.464405 414919.6982 153848.8873
-728581.2933 -30672.08017 695857.6553 -51023.30787
584887.5788 -839843.2505 -975772.0238 -620975.866
