500
-448180.0500 -90380.7199 -189792.7903 947948.5747
263891.9722 478586.0515 472774.7013 -168165.1578
696582.5215 -323898.6770 491586.9965 -942443.5583
608468.9164 386822.7015 640267.1914 848663.1805
-222931.7037 612328.0422 -120325.6918 596360.7897
-949015.1427 18634.7633 -539266.1731 541725.5255
-802464.9847 -391818.4807 -607076.8471 -204874.3347
197665.9974 -50099.4616 -429829.4059 -797647.3163
719666.5229 -987336.5180 957946.6927 10822.2891
326580.8308 575003.6334 -64048.7153 927982.1566
-565987.5791 -418595.5693 -382533.0937 -590139.4776
680398.4273 602731.7418 431344.2558 -718892.0434
-16097.0075 -667016.5444 301518.4607 -14500.3567
619931.8206 558049.4639 143155.3255 792241.2003
65391.7675 -745468.6592 -711661.2288 -979162.3803
398777.3873 -20869.2439 421114.9170 -811378.0078
923691.0520 307211.8423 934353.8190 223381.6352
518270.9310 -569168.4203 828827.3761 297670.5664
78254.3520 327927.3462 -36234.0140 -94061.4552
-649638.8243 -740761.3821 -999940.8073 -649130.7155
960472.5671 858553.4894 701185.1222 -601305.9315
43954.7289 414594.7432 155276.3830 592370.6611
-91151.4005 -174110.6723 108834.6030 -50042.0586
39747.5237 219039.7966 -115294.5002 773181.3930
-933557.9352 -143381.4509 -261969.0420 -191854.0850
97707.5495 -638035.7876 421114.9170 -811378.0078
-656049.0222 991194.6272 -396294.8475 927546.5714
367557.7284 155504.6343 253698.6953 60416.6077
457204.1843 -512720.5307 525059.6899 220455.0023
-771266.2217 362402.2383 -986794.2482 34722.2059
159800.9412 -272482.6376 138710.2847 -243498.6373
-253069.7230 156860.0463 -34961.8333 61295.3563
869974.6011 -696299.1083 856026.5914 -888055.1486
-207045.0399 -251301.3059 -99401.3814 -257286.9925
19666.5446 61828.3844 112095.2350 332412.5908
379386.6523 839852.4105 744521.1704 970231.3958
-553780.6710 72261.5014 -508460.3053 105372.2278
285339.1126 -417472.6059 137972.2336 -411768.3956
-28335.5200 -274354.2297 -523487.0639 -421855.8250
524977.6957 765008.9435 36711.6331 956699.4792
881214.6317 542330.2152 534105.8443 -178210.3840
52307.1464 -307618.4683 85812.4874 -441417.1243
-994478.2539 301095.6055 -779612.5570 904176.3655
-579914.7134 648354.0399 -816342.8363 389844.3416
-68172.3805 -559517.8783 -451803.0639 -880773.8879
-420252.5680 -763441.1806 -826540.6505 -513445.8485
689629.1654 547258.0243 583211.9938 22835.8527
-141354.2852 562486.3429 -139214.2158 232566.6602
-167735.7199 983920.5168 -358674.2948 818477.9529
35704.7675 -572761.1456 94232.7741 -452725.8611
484336.3568 -978306.6627 138704.9404 -745370.1206
-255293.8162 741305.7153 -996074.6550 -54603.1246
-534011.8971 744839.4393 -739375.9089 565019.6749
-64048.7153 927982.1566 511241.8413 440332.0930
757132.4978 341031.0765 636865.8509 780630.9357
-706171.6882 -726786.0404 -645069.3251 -846457.1167
-209199.1175 8463.8852 -94276.4461 -60185.7696
189577.3011 -851603.5739 -466218.4021 -962486.8663
-855334.3389 -610049.2362 -996074.6550 -54603.1246
518219.5417 -740686.9472 541520.4273 -708434.9869
-436448.4138 109277.1992 -754849.4095 95643.3710
-211806.9349 228233.7706 -374464.0292 -10626.4882
98575.8909 -698181.6029 65391.7675 -745468.6592
126243.0697 188656.9805 158908.6753 471691.1439
-430065.8592 -389862.3905 -42027.2504 -147246.7509
-759980.3278 897907.7458 -830288.7631 718489.7538
-782278.5436 -22334.1400 -877329.3314 -132989.8178
-728259.9781 937850.7556 -255293.8162 741305.7153
-386385.7418 -801155.4418 -441667.9861 -868595.0367
421114.9170 -811378.0078 245525.0969 -658271.4038
150660.3624 798860.5005 433937.3448 797117.7682
-947078.0307 931258.9033 -936314.2646 611053.1745
154828.2140 -549828.7581 -29597.8440 -732925.4728
722773.7580 297951.3860 654046.5703 331020.7556
-500098.7019 586257.9221 -491804.8264 755710.2645
881410.7144 -405846.7518 956849.9588 -188314.2653
-558255.8186 -938578.3698 -115209.9513 -853125.4779
-911196.6349 327656.0702 -502956.1154 755578.2832
-82720.5478 942822.7930 525059.6899 220455.0023
-316219.5841 737293.0027 -497707.9153 792838.2870
-641252.5712 -1041.3149 -765186.6975 -16062.2303
487057.7016 975286.6922 482500.5130 952132.3502
223669.1871 -13556.2779 280408.4954 256514.2302
-776239.3339 508751.4667 -907670.7530 494033.8738
-733231.8804 612801.4587 -666716.7589 848961.7350
-253459.0232 246100.9056 -290416.7932 396846.9931
922094.6373 -349693.7385 973380.8360 -634993.0797
178765.4754 -37057.6170 82614.0389 118112.7660
-553780.6710 72261.5014 -532504.3742 -126968.8804
258298.1354 1893.5032 -159155.8199 -245804.7571
777108.8807 -497582.5218 906050.0913 500355.2869
491586.9965 -942443.5583 526350.0693 -877845.6928
-537430.8416 849781.2200 -603983.5613 756231.0205
556948.3633 832052.5760 730274.0076 943373.9983
-527530.3875 -965181.8138 -209663.3633 -894959.7836
-696723.4973 164496.1181 -413242.5997 437482.3613
-75731.4839 914632.6254 -72895.8293 723004.9650
-443337.6888 -23815.2478 -450090.1801 -99463.3348
828243.6908 -876658.3050 811231.9685 -627243.6413
-491804.8264 755710.2645 -875604.5393 254649.3644
-954118.8818 319748.5147 -994664.0767 -11882.1043
-646506.4877 99314.3584 -641252.5712 -1041.3149
767098.5242 -725613.3417 610711.9696 -625548.3614
-888454.8925 -169086.7795 -922795.3972 -182646.4107
258298.1354 1893.5032 -405903.1002 -782766.0786
-140434.6565 303969.8121 -252300.3112 208933.9564
-707883.5067 260268.8214 -311019.8080 688459.4300
696087.7050 -840801.1686 590265.6068 -767163.3711
589784.9473 181905.3158 601399.5255 509863.1114
-541959.7882 -406078.3790 -443899.2487 -324384.6056
44367.3157 680609.4272 37032.9934 614630.4798
701708.1827 -127624.4086 626251.6802 -428228.0869
366379.6114 686078.1426 399899.5695 759238.8035
-940991.2475 -686660.7548 -634656.2987 -936572.1623
-768645.4118 -679766.3384 -727554.2002 -709651.8122
510871.0486 -887260.8407 586570.0641 -666680.0445
-703528.8805 -258176.6629 -715471.1717 -161772.6167
563945.5423 308089.5170 368097.3880 556710.5262
293346.1518 50863.5269 368829.5695 111443.9977
877966.9518 -287669.0406 782674.6557 -622110.9485
-902010.6943 -121489.8177 -900294.3729 -78701.5726
-899501.7328 626929.4433 -869126.7712 720470.3570
970544.4485 948428.8728 658646.4830 875243.2928
492316.6088 -491684.7586 607536.2495 -56772.2793
-677022.9933 -299848.7827 -804190.0973 -526845.4746
296928.0825 -638698.6748 154507.0717 -500290.3160
447405.9274 -976190.6899 -206886.2932 -979836.2388
-151114.6492 945064.0280 -17709.4258 235358.2888
-894211.1774 -418089.8693 -810018.3065 -290828.4939
881061.4570 -597905.3324 844259.8695 -712545.3987
-145031.8218 675711.8258 -167735.7199 983920.5168
648694.6000 37454.8670 593187.5626 -342262.6376
-129761.7785 -794865.7049 -481948.5382 -896017.6906
-689502.7161 -100478.4064 -765186.6975 -16062.2303
-701527.1186 -982210.3272 409788.6793 -993709.4359
189577.3011 -851603.5739 138704.9404 -745370.1206
-912318.0731 790668.6949 -794686.1137 912478.5908
-36234.0140 -94061.4552 -353330.0445 -332431.1880
-278746.1334 -117256.4106 -364475.3722 -179878.1149
-260757.2620 -874315.5798 -210749.6683 -839273.1834
-949015.1427 18634.7633 -461156.5841 533499.2059
-68172.3805 -559517.8783 -266235.5366 -743498.7105
546854.0562 -903085.8031 583755.2912 -993624.0957
-322512.2914 505602.5344 -601796.0668 229736.7305
-745301.7366 769114.2523 -778890.8517 787385.1881
539791.5312 995785.9399 334084.4943 997954.5757
-454055.9634 -477553.4485 -358675.6168 -568536.9317
-690611.1610 142081.1064 -487206.3199 229039.5429
946539.8122 287279.3621 997406.8569 525250.5575
-309024.8196 -18461.5176 -136145.1756 -35898.3534
489420.9381 854406.5418 577382.1772 895256.6368
-124737.3375 -880997.1626 131206.6487 -707498.8042
-166061.2299 -798899.8561 66305.4013 -598880.9727
-347069.4441 -693025.3728 -58394.6100 -321673.6778
144108.9605 647930.5072 239751.4053 190411.1040
951503.7859 132549.2828 981597.0225 -283010.8476
-293291.6792 581048.4071 -758182.6583 130421.7018
347499.6684 -667733.8027 391093.8980 -75112.8168
-17084.6664 979517.1102 223272.8347 906884.5399
-153753.9746 -865741.1970 -117362.2913 -871729.4736
816490.0663 -243889.6549 894699.3380 358192.8760
-229550.3724 521576.6459 -238893.6679 502559.1686
-120270.1702 -573825.5204 -18073.3993 -408928.7066
196809.8777 -910984.2329 141085.8639 -886931.2754
477127.7015 -773755.9255 459251.6483 -923598.9143
222960.1925 -835496.6585 406810.9338 -931446.4062
822475.6653 378166.3953 737558.4801 184134.6936
-655892.7571 -670730.5557 -778014.8710 -647919.3580
-973936.7448 -357323.4713 -914934.2699 -512285.2888
-933058.1756 -430299.1290 -976368.9466 -306071.5266
-860513.3495 466817.1704 -818304.0817 495308.0702
-519808.6313 -442442.5580 -189737.6555 -410633.9902
-834971.1079 930869.5250 -583978.9328 964702.4302
-447034.5137 993995.9014 933888.3391 986211.3737
126404.4651 -408876.4827 293810.4806 -545768.3304
924365.7296 203416.1575 878516.9655 -281015.4553
759870.8265 -577556.2893 823112.6144 -69694.7411
-970924.2160 -106208.8679 -408623.3373 562748.2703
776648.2217 -521382.1375 845524.6475 -7723.2843
-368669.7109 54691.8107 -237627.5533 651790.6936
-831605.5050 -372229.9706 -732056.9690 -225266.7436
409285.5004 459590.3040 543232.6046 189882.2510
569856.2054 -503838.1012 558123.5664 -726869.8512
891520.4554 117952.7207 850552.0823 -95163.8297
746633.9241 715222.8459 894677.6603 826386.6883
900131.5824 -51097.5215 935389.8903 669445.1763
-547525.7645 -237216.7671 -636910.1752 -416317.2774
-571644.5987 -643006.3404 -704570.7437 -505802.4596
240208.2882 -23702.6219 119310.7758 -252058.0216
-2136.4093 770807.6189 12741.8825 634713.5516
-989300.7349 653786.0638 -996015.6139 412808.5200
919726.9688 665333.5970 750713.2665 644522.6474
912936.5636 222910.9910 930433.6809 625633.7417
715012.0699 -333110.3848 816198.1066 176276.4049
-242264.3516 696437.4777 -152021.6240 700350.1228
900131.5824 -51097.5215 902810.9460 14075.3504
939770.5289 275548.6910 983701.9865 -49985.3715
-997601.2920 -77449.5318 -974988.5236 -177433.1311
155337.1786 545489.4360 170359.9483 266043.5393
714082.1779 -112087.5927 667190.7437 -402399.0159
-84064.8789 288181.8110 -111659.0716 460104.5848
473382.8189 542154.8627 563945.5423 308089.5170
18425.2993 331048.9546 155276.3830 592370.6611
104972.7940 146654.0949 112095.2350 332412.5908
-852724.8548 -984300.8685 -612133.9673 -978940.4526
102491.7471 -435410.0733 262343.5622 -571193.2780
-840910.4446 198161.9813 -789210.4275 229940.5674
-559343.2459 61399.3744 -663126.0130 -62841.0972
48433.6612 568111.6259 39852.6410 502327.2529
-5852.5809 -73465.5112 90140.6534 148647.9719
722773.7580 297951.3860 672881.0234 239483.9527
394856.8605 -940276.8238 142292.8086 -956569.8265
-351758.4304 -963249.1303 63247.8272 -926469.6951
739127.3590 -763369.1547 640154.7993 -791072.2889
-707497.6789 839833.0907 -654954.0805 859312.8936
336923.9678 272728.2812 454059.5209 53559.6623
967510.4649 -132695.5192 985769.3981 -600012.9485
35291.1776 -294689.2193 -134373.4501 -551015.3183
196809.8777 -910984.2329 23211.7311 -891707.2364
-407220.0575 200073.2875 -588785.2438 120981.5596
170562.7335 111889.6222 201096.3370 114994.1714
-61968.1008 -397236.7264 -220234.8250 -635521.5252
-811820.0846 -650624.8752 -711004.9990 -623382.8822
869813.8533 842223.3075 940941.7077 851000.8981
-820400.5892 -828857.3118 -837423.9674 -819819.2546
-64048.7153 927982.1566 153163.6475 845690.3968
-689321.8125 770077.3375 -788030.9753 680902.7795
-400452.8226 74097.5945 -412602.9351 -118577.6387
945181.4224 -169906.2046 861053.3677 -409320.8004
253227.6544 255304.0566 271135.1019 335883.6756
420975.9437 360010.6803 265994.4883 592684.7278
349746.4992 -739948.8435 405508.0144 -596194.2801
662776.7134 -674973.0693 585880.7342 -663147.9172
-636910.1752 -416317.2774 -133806.2960 -135559.4488
-382533.0937 -590139.4776 -139657.1774 -391608.4459
-862337.9247 31834.2551 -915356.2771 26131.5790
315140.7736 -689214.1494 350465.5991 -459224.4888
-204718.2274 -296439.6344 -241849.8471 -279401.9832
11603.5394 -852373.3433 19176.1567 -801514.5028
669334.1263 -608177.9483 767098.5242 -725613.3417
240680.1125 507639.8233 255252.2409 420080.9203
801580.8843 450572.5218 874474.5056 609038.1158
354961.3554 686075.8389 329785.4830 645757.5093
-921598.1602 -793546.1313 -739587.5609 -959580.0356
-996074.6550 -54603.1246 -311019.8080 688459.4300
938086.7670 319603.4390 974917.9890 76049.3780
-370343.6451 -103693.8761 -94276.4461 -60185.7696
635625.2255 55603.7303 691794.9785 216764.2196
691597.0142 -94991.7841 480142.2560 -789480.4133
910668.4970 -548975.4454 817521.5050 -687850.0629
-37164.2074 182670.1394 -118942.7324 254791.8479
-370343.6451 -103693.8761 -145168.1982 -62297.3291
-391642.8382 -460618.1980 -397524.6970 -433610.0008
934353.8190 223381.6352 925184.0772 195908.3440
-999051.9645 886500.9530 -979034.9144 583238.4947
-360815.0138 -483098.9503 -279144.5452 -475510.3101
666269.9469 -460388.3511 731036.9335 -186076.4695
-835627.0342 151069.4431 -531593.8792 523495.3069
-480506.3299 47248.4854 -527763.8774 80868.6079
-891637.7235 836003.5025 -864317.5673 961929.1970
419587.1528 166061.0041 391531.9138 345723.5385
-425212.0223 524923.4881 -255293.8162 741305.7153
-48510.0193 945467.5880 385360.0808 806536.0626
-1264.0367 425337.3653 76605.5578 532859.5499
435655.0906 867218.5524 727635.4904 971047.9151
-763571.6156 -255514.1558 -715471.1717 -161772.6167
828827.3761 297670.5664 701708.1827 -127624.4086
-535828.1598 975669.5405 -266474.9166 966038.7423
-107181.7241 -715347.3150 9826.6586 -344272.3618
-875402.5183 -31411.2188 -656629.2663 59718.3879
-310775.0611 445248.8061 -378645.0508 13605.0361
197793.9547 -704586.5230 124947.6512 -731982.0490
180555.1421 945993.5673 213629.5680 914138.2562
389349.8352 -481785.0104 387410.0761 -250522.8829
-212180.6083 -511416.6473 -494217.9072 -671587.0664
-624568.7914 889660.4743 -733231.8804 612801.4587
-727170.4114 77311.8645 -823910.9231 11444.7059
-778151.0242 -204015.7414 -850874.2759 -235696.9843
731094.2495 -681037.3771 861808.9750 -279990.5952
748003.2247 961753.3071 872159.2309 980271.5909
-860616.6512 995692.7330 645601.2300 991694.9758
-126519.3828 736916.5851 -84430.3824 575589.1767
-461102.1777 -757030.5969 -579716.2394 -790979.0497
379978.9222 456749.2932 217526.0101 662682.1087
-996074.6550 -54603.1246 -862337.9247 31834.2551
792836.7768 300354.7489 733656.0798 158008.1513
777984.0183 -160534.0912 842704.6491 370550.9214
-333669.0820 806926.1237 -189792.7903 947948.5747
893526.3389 721338.0537 846830.5508 706018.0439
666438.6366 -451752.1819 607558.0334 -606114.0001
774559.2505 375810.7720 675049.3244 652448.0108
205477.9639 153292.0956 128303.4287 158067.3093
867192.4068 -210369.8036 825126.2888 -263057.6694
-586921.1277 -802576.1104 -429829.4059 -797647.3163
-36323.1981 899499.7916 245043.9109 646690.5763
553864.1864 -75553.1710 566841.6799 -105437.3559
-281159.0715 -736537.5772 -608371.3347 -883999.3692
-951179.1519 219999.6375 -717802.1728 468201.2585
-630407.5008 -938369.0340 -665604.8065 -890738.2540
-498384.5755 205410.9704 -363404.7831 409227.3571
453473.5726 672443.9304 622801.9571 738121.7007
837131.4736 -892314.4629 882845.6893 -980724.9942
-823064.5198 -550431.1578 -802290.1338 -546967.7536
-100459.1918 644067.5711 -136637.6510 791737.6114
336136.5353 -407385.7942 197773.2768 -396396.4779
438928.3625 390938.6160 258641.6346 628234.2954
43898.3643 -2691.1204 112288.0173 31730.9956
-727554.2002 -709651.8122 -655892.7571 -670730.5557
366379.6114 686078.1426 616830.2927 590283.8930
893792.9322 -426506.4454 928711.2341 -305568.6350
425552.1607 135922.9567 503685.8634 9191.6060
-193650.3808 233887.9333 -251845.2440 163902.0276
695252.9697 804493.5551 674795.8708 776846.9547
761228.2667 102724.2147 685386.4098 -169761.2681
-250781.8954 267827.6249 -140434.6565 303969.8121
-207087.8261 -88683.8859 -261969.0420 -191854.0850
-451803.0639 -880773.8879 -376013.8196 -786358.7750
145972.1121 -407687.0177 328933.1898 -273620.2477
728508.8760 -594713.8802 768917.7294 -283831.6221
-907670.7530 494033.8738 -733231.8804 612801.4587
744521.1704 970231.3958 933888.3391 986211.3737
969015.2054 -512937.2544 967510.4649 -132695.5192
-68172.3805 -559517.8783 9826.6586 -344272.3618
280274.0255 -712512.0648 171790.6806 -661474.7069
591911.0265 -7734.3851 566841.6799 -105437.3559
606927.5659 -233591.9896 421114.9170 -811378.0078
-490527.7607 -470962.5288 -458635.5770 -462196.0148
-977617.1292 496283.5444 -991541.6985 445759.5863
37786.3314 -426161.0391 26640.3374 -574698.4497
190598.8045 44667.6152 273830.2255 234426.7866
-166061.2299 -798899.8561 -50391.5123 -763423.6471
239751.4053 190411.1040 228597.2736 255357.4462
-48114.4252 789025.3539 -22563.2133 818178.9657
-931281.1739 938531.2037 -945146.4521 883656.9893
487477.7883 -71724.3565 388056.1329 136359.1395
102803.1891 -604942.4858 128149.8650 -635488.1430
587298.0655 -63087.2435 720315.3220 230112.6321
269873.4258 433552.8542 280408.4954 256514.2302
-75731.4839 914632.6254 -33849.4844 511783.7317
-405903.1002 -782766.0786 -288736.3761 -683834.8283
-443337.6888 -23815.2478 -499243.2780 -167179.5104
956849.9588 -188314.2653 928711.2341 -305568.6350
517435.2556 187408.5422 277271.7670 508593.7293
561725.1192 108756.5551 516309.4016 -239323.3697
-833905.7591 545907.8896 -725328.6169 657287.0544
429159.5975 -224757.2850 430014.3638 -276069.0964
445528.9890 -438393.3349 439880.3955 -664298.5351
421114.9170 -811378.0078 171790.6806 -661474.7069
-849678.5402 36718.4295 -381065.3843 523007.8269
-227922.5525 -504281.1712 -28335.5200 -274354.2297
899579.4045 879704.7808 696893.3663 784750.0587
-491499.8506 -202031.3029 -553345.7613 -328548.3843
-404234.4659 238109.2328 -281450.8615 593677.6185
-711362.9721 99506.4458 -673091.5497 132752.1686
727635.4904 971047.9151 -447034.5137 993995.9014
-485110.8182 -129105.6945 -859830.3170 -128833.6301
334084.4943 997954.5757 518401.2366 998110.3590
560751.4408 762871.3111 449656.1714 862038.8560
-728259.9781 937850.7556 -396294.8475 927546.5714
102491.7471 -435410.0733 316581.1295 -90437.9920
379096.6633 14474.8738 314165.7141 47470.2857
518219.5417 -740686.9472 523004.5146 -673608.7045
821784.1824 -664917.7349 863861.7900 -564383.3123
-802533.6054 -902698.7572 -739587.5609 -959580.0356
335391.0107 -514452.3402 359129.6653 -108401.8097
603942.1184 -825381.5726 539175.4898 -885096.1238
-629886.3721 751848.7083 -519539.0249 765124.6275
929488.8117 896957.4626 769162.6843 890771.6729
-645954.9594 -902470.8851 -593066.6964 -926052.3004
895873.6098 225033.9173 879239.1261 139842.1731
-403582.9593 853020.0893 -415195.3271 851714.8087
-549279.3041 -677362.9453 -556523.6421 -663388.5707
517435.2556 187408.5422 468741.2415 98822.0050
737510.5440 546996.7455 718798.8265 683477.1996
804486.1802 -109902.8511 928562.5450 638418.5614
850847.4257 756529.4611 759651.8466 720973.5446
925123.9099 -944858.9208 889709.0347 -731037.9117
-898109.0929 133385.5068 -895924.6528 128613.4968
-583978.9328 964702.4302 -396294.8475 927546.5714
-723712.2649 -642256.9927 -711004.9990 -623382.8822
-140434.6565 303969.8121 -251482.1853 411000.8738
-225824.7185 -516613.4030 -227922.5525 -504281.1712
-434573.5092 131236.4389 -431740.7823 66373.0997
-12531.0326 -61799.2634 -36234.0140 -94061.4552
615509.1880 -948164.3490 655116.0105 -926574.0448
-499145.4288 -961595.3752 80025.4151 -977425.2441
-577069.5424 -94761.6834 -707235.7571 -59295.1647
102794.3373 -233601.8863 130975.1009 -360439.7360
-686003.6209 -794387.8885 -706171.6882 -726786.0404
-658308.4827 510623.0620 -803566.3446 335008.9592
-349841.1487 -778703.9742 -365202.9703 -783252.4379
665763.5451 -745763.8256 701180.9752 -712825.6975
-772356.9601 135742.4289 -646391.8380 319261.0159
-889689.4966 733987.7195 -899501.7328 626929.4433
-255293.8162 741305.7153 -542449.1658 888628.7943
138934.2261 -734793.8552 394216.5209 -851158.6154
930433.6809 625633.7417 816490.0663 -243889.6549
-492680.2694 283027.6642 -469626.1262 331883.2678
-857155.2918 -198929.4497 -830005.0244 -164325.6173
-778915.3474 -276168.5351 -800714.4425 -321130.4099
936048.6149 -870945.2979 985769.3981 -600012.9485
212632.1557 770830.8024 516745.3006 766542.6262
-533600.2001 -576454.1533 -674200.3696 -409666.3618
-29836.5816 -585117.6985 -17623.9644 -619597.1333
184716.0050 394403.3865 167829.4074 514366.7937
-312782.9915 -804086.4305 -135065.4580 -681840.2111
-860829.1029 -745665.2979 -705611.0539 -790441.4095
-995919.8206 -697502.7027 -940826.7663 -723154.7608
444785.7690 -287615.1123 462108.0273 -375993.8673
-885593.1820 -965155.2350 -660275.7178 -957378.2629
-994080.6440 -964117.8765 -802533.6054 -902698.7572
407848.6248 586060.1365 552045.8061 495625.7121
843153.9658 512444.4309 635625.2255 55603.7303
601399.5255 509863.1114 572964.3825 103668.0572
-680778.8667 -149927.6572 -683702.9524 -155394.6917
-795312.6856 -657060.0088 -741559.2633 -681045.8326
472028.7440 -440818.9285 551361.4616 94125.7088
383019.2461 673472.8781 552045.8061 495625.7121
-589580.7859 -185685.4124 -660059.6930 -253649.8609
-469626.1262 331883.2678 -450089.5542 373030.1494
344414.0947 10434.2196 240208.2882 -23702.6219
-671598.7080 -529452.5369 -674200.3696 -409666.3618
-954118.8818 319748.5147 -935480.1754 338568.5692
-784613.0542 -675235.4967 -990151.2250 -613091.8466
-799083.9761 -508301.0185 -855368.3669 -396128.8445
-970730.7062 41651.2786 -556608.7019 569174.0874
895666.5743 -19409.2994 864050.0057 -90175.3010
487057.7016 975286.6922 316767.7092 920240.3666
-959439.5508 618767.1452 -946065.2002 699530.5987
648694.6000 37454.8670 666136.4262 21775.9879
-638958.6823 -323651.3096 -674200.3696 -409666.3618
-159378.5265 613138.7654 -129016.6424 658128.1482
846830.5508 706018.0439 860183.0037 764382.3553
-380439.6446 -737847.7601 -344256.2369 -672958.0306
158908.6753 471691.1439 120111.8866 259006.4716
793291.6990 722844.3454 746633.9241 715222.8459
-736400.3225 -358681.5952 -703652.8260 -335161.8163
136574.6899 476775.1440 19666.5446 61828.3844
218575.5194 750153.4165 234081.9964 736193.7494
564693.2990 -825962.7838 526350.0693 -877845.6928
144688.6893 564143.8959 81200.5376 308442.6888
-37450.7270 457859.2495 30842.8501 222236.6926
130.5960 475600.8824 -10321.9292 818076.1345
-709914.4680 -994270.8186 -981589.2741 -981424.7295
195485.7115 925345.5014 84019.5944 975927.9466
804354.1295 137750.0596 693680.0648 -284391.1479
804354.1295 137750.0596 828827.3761 297670.5664
-314.8371 -380573.0040 968.7645 -603206.6440
-748607.1158 -511396.7984 -687546.4438 -571890.6309
212666.2644 -127799.8963 225744.7596 -125748.4084
941790.0519 432631.3144 971628.9752 711315.8795
-868478.0279 477965.4381 -840382.5095 494544.4283
998202.6833 -446999.8649 989942.1840 -374318.8491
2411.6978 -906867.5758 90900.0149 -934467.8940
310481.9221 427293.8344 454059.5209 53559.6623
-118661.5190 953666.7340 385360.0808 806536.0626
60407.0901 951775.5762 115086.3664 935809.9459
564977.5160 -162461.4142 538532.6917 -276105.4116
-776239.3339 508751.4667 -699905.2883 582327.3422
-261065.9907 123682.0991 -105837.9827 7644.7355
532504.1973 -91620.2268 499137.6151 -259013.8694
-353332.2544 590558.9048 -381065.3843 523007.8269
75172.3000 788826.9382 356210.0857 447082.0246
-134464.4999 -182761.1127 35879.2007 -69247.9970
8303.7166 129804.5278 -37374.4488 280223.0100
-378326.5631 399677.0347 -487832.7620 241893.4965
-596036.9969 119983.6538 -436448.4138 109277.1992
-318107.7525 108447.6884 -297197.3502 309938.4056
895944.5022 916151.8506 958277.8888 904602.4191
84316.3000 -41812.0494 -353330.0445 -332431.1880
-916788.7750 205690.5716 -608523.5191 610964.5164
-638242.4094 388583.0276 -465424.2979 589318.0276
-516387.3301 -154711.3026 -680778.8667 -149927.6572
-612133.9673 -978940.4526 -296140.2864 -984065.4151
-335173.3824 -463840.4640 -199466.3526 -412904.5682
236511.9710 188536.6978 126243.0697 188656.9805
281210.3142 78168.8958 368829.5695 111443.9977
622801.9571 738121.7007 450077.1936 683284.3284
-308067.0823 205135.7679 -294879.2906 321052.5930
86726.9420 -151704.5918 -159155.8199 -245804.7571
-523348.4995 152817.8118 -568224.3880 172884.4481
950994.2760 326705.2942 977793.4040 447076.6786
614113.9531 -706490.4279 556320.3755 -782632.7131
188917.6504 354494.3416 239751.4053 190411.1040
149416.1901 -889765.4765 306928.1218 -908493.7141
-518928.3076 -312053.3383 -411743.0552 -214099.9831
302503.4153 -903885.2956 406810.9338 -931446.4062
-261599.9679 -139782.1489 -207087.8261 -88683.8859
559518.5836 423186.5642 552117.9343 417056.5188
447405.9274 -976190.6899 35726.4006 -966807.7492
301518.4607 -14500.3567 353035.2389 -178678.7428
39747.5237 219039.7966 41115.1031 294187.3213
872159.2309 980271.5909 776533.4552 909257.5759
-173073.0269 -765757.7168 -164036.1774 -723228.8849
984402.3846 448284.1937 977503.7049 278489.1672
-604579.6979 -890954.0040 -593066.6964 -926052.3004
607099.8673 678410.4581 538165.3804 703107.5309
299408.2261 -846104.7214 323271.8564 -853523.7992
426028.7142 -895896.3628 349618.2612 -788086.1590
946975.2334 408371.1739 977793.4040 447076.6786
